# Exported from Wings 3D 2.1.5
mtllib hamster.mtl
o image8
#8 vertices, 6 faces
v -7.00000000 5.67588863 -8.37803818
v -7.00000000 18.96784532 -3.98214380
v -7.00000000 18.96564737 -3.97549782
v -7.00000000 5.67369068 -8.37139220
v 7.00000000 5.67588863 -8.37803818
v 7.00000000 18.96784532 -3.98214380
v 7.00000000 18.96564737 -3.97549782
v 7.00000000 5.67369068 -8.37139220
vt 0.0000000e+0 0.0000000e+0
vt 0.0000000e+0 1.00000000
vt 1.00000000 0.0000000e+0
vt 1.00000000 1.00000000
vn -1.00000000 0.0000000e+0 0.0000000e+0
vn 2.0389293e-17 -0.94942548 -0.31399246
vn -1.0875654e-16 0.31399246 -0.94942548
vn -1.00000000 0.0000000e+0 0.0000000e+0
vn 1.9922561e-17 0.94942548 0.31399246
vn -1.0875654e-16 0.31399246 -0.94942548
vn -1.00000000 0.0000000e+0 0.0000000e+0
vn 1.2688263e-16 -0.31399246 0.94942548
vn 1.9922561e-17 0.94942548 0.31399246
vn -1.00000000 0.0000000e+0 0.0000000e+0
vn 1.2688263e-16 -0.31399246 0.94942548
vn 2.0389293e-17 -0.94942548 -0.31399246
vn 2.0389293e-17 -0.94942548 -0.31399246
vn 1.00000000 0.0000000e+0 0.0000000e+0
vn -1.0875654e-16 0.31399246 -0.94942548
vn 1.9922561e-17 0.94942548 0.31399246
vn 1.00000000 0.0000000e+0 0.0000000e+0
vn -1.0875654e-16 0.31399246 -0.94942548
vn 1.2688263e-16 -0.31399246 0.94942548
vn 1.9922561e-17 0.94942548 0.31399246
vn 1.00000000 0.0000000e+0 0.0000000e+0
vn 1.2688263e-16 -0.31399246 0.94942548
vn 2.0389293e-17 -0.94942548 -0.31399246
vn 1.00000000 0.0000000e+0 0.0000000e+0
g image8_default
usemtl default
s 2
f 1//2 5//13 8//23 4//12
f 3//9 7//20 6//16 2//5
s 3
f 1//1 4//10 3//7 2//4
f 6//17 7//21 8//24 5//14
g image8_image3
usemtl image3
s 1
f 2/2/6 6/4/18 5/3/15 1/1/3
f 4/1/11 8/3/22 7/4/19 3/2/8
o body_sep7
#40 vertices, 34 faces
v 1.96012982 16.62500000 -0.79021030
v 1.94430865 16.62500000 0.82846330
v 0.78854632 16.62500000 1.96185112
v -0.83012728 16.62500000 1.94602996
v -1.96351511 16.62500000 0.79026762
v -1.94769394 16.62500000 -0.82840598
v -0.79193161 16.62500000 -1.96179381
v 0.82674199 16.62500000 -1.94597264
v 6.95512460 3.12500000 -2.80223717
v 6.89902118 3.12500000 2.93774014
v 2.80057318 3.12500000 6.95684591
v -2.93940413 3.12500000 6.90074248
v -6.95850990 3.12500000 2.80229449
v -6.90240647 3.12500000 -2.93768283
v -2.80395847 3.12500000 -6.95678859
v 2.93601884 3.12500000 -6.90068516
v 2.11933505 15.12500000 -4.98228672
v -2.02492857 15.12500000 -5.02279340
v -4.98400802 15.12500000 -2.12099903
v -5.02451470 15.12500000 2.02326459
v -2.12272034 15.12500000 4.98234404
v 2.02154328 15.12500000 5.02285071
v 4.98062273 15.12500000 2.12105635
v 5.02112941 15.12500000 -2.02320727
v 6.95512460 12.12500000 -2.80223717
v 6.89902118 12.12500000 2.93774014
v 2.80057318 12.12500000 6.95684591
v -2.93940413 12.12500000 6.90074248
v -6.95850990 12.12500000 2.80229449
v -6.90240647 12.12500000 -2.93768283
v -2.77010555 12.12500000 -5.95736176
v 2.96987176 12.12500000 -5.90125834
v 4.86807943 0.12500000 -1.96155742
v 4.82880703 0.12500000 2.05642670
v 1.95989343 0.12500000 4.86980073
v -2.05809068 0.12500000 4.83052833
v -4.87146472 0.12500000 1.96161474
v -4.83219232 0.12500000 -2.05636938
v -1.96327872 0.12500000 -4.86974342
v 2.05470539 0.12500000 -4.83047102
vt 0.0000000e+0 0.38284454
vt 0.0000000e+0 0.87624968
vt 7.9269601e-4 0.11232102
vt 7.9269601e-4 0.60572615
vt 3.5109689e-2 0.98681027
vt 3.5109689e-2 0.49340513
vt 3.9610516e-2 0.49340513
vt 3.9610516e-2 1.6653345e-16
vt 0.16626589 1.2660023e-2
vt 0.16626589 0.12095393
vt 0.16626589 0.50606516
vt 0.16626589 0.61435906
vt 0.16626589 0.37535188
vt 0.16626589 0.86875702
vt 0.16626589 0.97513899
vt 0.16626589 0.48173386
vt 0.29292127 0.0000000e+0
vt 0.29292127 0.49340513
vt 0.29742210 0.98681027
vt 0.29742210 0.49340513
vt 0.33173909 0.11232102
vt 0.33173909 0.60572615
vt 0.33253179 0.87624968
vt 0.33253179 0.38284454
vt 0.33253179 0.38284454
vt 0.33332448 0.11232102
vt 0.33332448 0.60572615
vt 0.36764148 0.98681027
vt 0.36764148 0.49340513
vt 0.37214230 5.5511151e-17
vt 0.37214230 0.49340513
vt 0.49879768 1.2660023e-2
vt 0.49879768 0.50606516
vt 0.49879768 0.61435906
vt 0.49879768 0.86875702
vt 0.49879768 0.12095393
vt 0.49879768 0.97513899
vt 0.49879768 0.37535188
vt 0.49879768 0.48173386
vt 0.62545306 0.0000000e+0
vt 0.62545306 0.49340513
vt 0.62995388 0.98681027
vt 0.62995388 0.49340513
vt 0.66427088 0.11232102
vt 0.66427088 0.60572615
vt 0.66506357 0.87624968
vt 0.66506357 0.16833067
vt 0.66506357 0.49145852
vt 0.66506357 0.38284454
vt 0.71053340 0.38168464
vt 0.71053340 0.60123241
vt 0.71380393 4.9767871e-2
vt 0.71411988 0.28676308
vt 0.77241805 0.16818754
vt 0.78995490 0.12559879
vt 0.79006839 0.21072939
vt 0.82030729 0.33621481
vt 0.82030729 0.64670224
vt 0.83230767 0.0000000e+0
vt 0.83245147 0.10786487
vt 0.83261210 0.22834994
vt 0.83275590 0.33621481
vt 0.87499518 0.12548542
vt 0.87510867 0.21061601
vt 0.89264552 0.16802726
vt 0.93008118 0.38168464
vt 0.93008118 0.60123241
vt 0.95094369 4.9451725e-2
vt 0.95125964 0.28644693
vt 0.97555101 0.49145852
vt 1.00000000 0.16788414
vn 0.25990603 0.95994185 -0.10469238
vn 0.25781001 0.95994185 0.10975262
vn 0.10469238 0.95994185 0.25990603
vn -0.10975262 0.95994185 0.25781001
vn -0.25990603 0.95994185 0.10469238
vn -0.25781001 0.95994185 -0.10975262
vn -0.10469238 0.95994185 -0.25990603
vn 0.10975262 0.95994185 -0.25781001
vn 0.87493743 -0.31254033 -0.36986895
vn 0.87155690 -0.32050607 0.37103157
vn 0.35392485 -0.32050607 0.87864274
vn -0.37103157 -0.32050607 0.87155690
vn -0.87864274 -0.32050607 0.35392485
vn -0.86718867 -0.31187429 -0.38822446
vn -0.34243227 -0.27954006 -0.89699359
vn 0.36111886 -0.28055130 -0.88931667
vn 0.25408350 0.70819263 -0.65871448
vn -0.24075781 0.70641985 -0.66558746
vn -0.58925474 0.75947555 -0.27563698
vn -0.59007509 0.77156732 0.23768732
vn -0.24917578 0.77156732 0.58531642
vn 0.23768732 0.77156732 0.59007509
vn 0.58531642 0.77156732 0.24917578
vn 0.59419154 0.76046833 -0.26196246
vn 0.87200918 0.29322225 -0.39194478
vn 0.87693374 0.30268626 0.37332056
vn 0.35610830 0.30268626 0.88406329
vn -0.37332056 0.30268626 0.87693374
vn -0.88406329 0.30268626 0.35610830
vn -0.86306426 0.29229110 -0.41192959
vn -0.32382756 0.24317732 -0.91433063
vn 0.34373684 0.24464389 -0.90663904
vn 0.53700139 -0.81537722 -0.21630878
vn 0.53267073 -0.81537722 0.22676392
vn 0.21630878 -0.81537722 0.53700139
vn -0.22676392 -0.81537722 0.53267073
vn -0.53700139 -0.81537722 0.21630878
vn -0.53267073 -0.81537722 -0.22676392
vn -0.21630878 -0.81537722 -0.53700139
vn 0.22676392 -0.81537722 -0.53267073
g body_sep7_Cylinder1_auv
usemtl Cylinder1_auv
s 1
f 9/69/25 16/68/32 15/65/31 14/60/30 13/58/29 12/59/28 11/64/27 10/67/26
f 9/69/25 32/75/48 25/73/41 16/68/32
f 10/67/26 31/72/47 32/75/48 9/69/25
f 11/64/27 30/63/46 31/72/47 10/67/26
f 12/59/28 29/56/45 30/63/46 11/64/27
f 13/58/29 28/51/44 29/56/45 12/59/28
f 14/60/30 27/57/43 28/51/44 13/58/29
f 15/65/31 26/66/42 27/57/43 14/60/30
f 16/68/32 25/73/41 26/66/42 15/65/31
f 17/40/33 33/42/49 34/29/50 18/30/34
f 17/40/33 41/36/57 48/44/64 24/48/40
f 18/26/34 34/27/50 35/18/51 19/16/35
f 18/30/34 42/34/58 41/36/57 17/40/33
f 19/16/35 35/18/51 36/6/52 20/8/36
f 19/16/35 43/15/59 42/22/58 18/26/34
f 20/25/36 36/28/52 37/17/53 21/14/37
f 20/8/36 44/11/60 43/15/59 19/16/35
f 21/14/37 37/17/53 38/5/54 22/7/38
f 21/14/37 45/13/61 44/21/60 20/25/36
f 22/49/38 38/50/54 39/39/55 23/38/39
f 22/7/38 46/12/62 45/13/61 21/14/37
f 23/38/39 39/39/55 40/27/56 24/31/40
f 23/38/39 47/37/63 46/45/62 22/49/38
f 24/48/40 40/53/56 33/42/49 17/40/33
f 24/31/40 48/35/64 47/37/63 23/38/39
f 25/47/41 32/43/48 33/42/49 40/53/56
f 34/29/50 33/42/49 32/43/48 31/33/47
f 35/18/51 34/27/50 31/23/47 30/19/46
f 36/6/52 35/18/51 30/19/46 29/9/45
f 37/17/53 36/28/52 29/24/45 28/20/44
f 38/5/54 37/17/53 28/20/44 27/10/43
f 39/39/55 38/50/54 27/46/43 26/41/42
f 40/27/56 39/39/55 26/41/42 25/32/41
f 42/54/58 43/61/59 44/70/60 45/74/61 46/71/62 47/62/63 48/55/64 41/52/57
o body
#8 vertices, 6 faces
v -10.00000000 3.13803516 -1.74140582
v -10.00000000 22.83419022 1.73155774
v -10.00000000 22.83245373 1.74140582
v -10.00000000 3.13629867 -1.73155774
v 10.00000000 3.13803516 -1.74140582
v 10.00000000 22.83419022 1.73155774
v 10.00000000 22.83245373 1.74140582
v 10.00000000 3.13629867 -1.73155774
vt 0.0000000e+0 0.0000000e+0
vt 0.0000000e+0 1.00000000
vt 1.00000000 0.0000000e+0
vt 1.00000000 1.00000000
vn -1.00000000 0.0000000e+0 0.0000000e+0
vn -1.0596382e-17 -0.98480775 -0.17364818
vn -5.3290705e-17 0.17364818 -0.98480775
vn -1.00000000 0.0000000e+0 0.0000000e+0
vn 9.6392349e-18 0.98480775 0.17364818
vn -5.3290705e-17 0.17364818 -0.98480775
vn -1.00000000 0.0000000e+0 0.0000000e+0
vn 5.3290705e-17 -0.17364818 0.98480775
vn 9.6392349e-18 0.98480775 0.17364818
vn -1.00000000 0.0000000e+0 0.0000000e+0
vn 5.3290705e-17 -0.17364818 0.98480775
vn -1.0596382e-17 -0.98480775 -0.17364818
vn -1.0596382e-17 -0.98480775 -0.17364818
vn 1.00000000 0.0000000e+0 0.0000000e+0
vn -5.3290705e-17 0.17364818 -0.98480775
vn 9.6392349e-18 0.98480775 0.17364818
vn 1.00000000 0.0000000e+0 0.0000000e+0
vn -5.3290705e-17 0.17364818 -0.98480775
vn 5.3290705e-17 -0.17364818 0.98480775
vn 9.6392349e-18 0.98480775 0.17364818
vn 1.00000000 0.0000000e+0 0.0000000e+0
vn 5.3290705e-17 -0.17364818 0.98480775
vn -1.0596382e-17 -0.98480775 -0.17364818
vn 1.00000000 0.0000000e+0 0.0000000e+0
g body_default
usemtl default
s 2
f 49//66 53//77 56//87 52//76
f 51//73 55//84 54//80 50//69
s 3
f 49//65 52//74 51//71 50//68
f 54//81 55//85 56//88 53//78
g body_image
usemtl image
s 1
f 50/77/70 54/79/82 53/78/79 49/76/67
f 52/76/75 56/78/86 55/79/83 51/77/72
