# Exported from Wings 3D 2.1.5
mtllib grass2_low.mtl
o grass
#64 vertices, 48 faces
v -3.34321660 -1.29168041 9.51292748
v 4.56918455 1.29651004 15.05325041
v 4.57024461 1.29168041 15.05399267
v -3.34215654 -1.29651004 9.51366974
v 2.39254776 -1.29168041 1.32140704
v 10.30494892 1.29651004 6.86172997
v 10.30600898 1.29168041 6.86247223
v 2.39360782 -1.29651004 1.32214930
v -2.39254776 -1.29168041 10.17859296
v -10.30494892 1.29651004 4.63827003
v -10.30600898 1.29168041 4.63752777
v -2.39360782 -1.29651004 10.17785070
v 3.34321660 -1.29168041 1.98707252
v -4.56918455 1.29651004 -3.55325041
v -4.57024461 1.29168041 -3.55399267
v 3.34215654 -1.29651004 1.98633026
v -5.00000000 -1.53376614 6.03730167
v -5.00000000 5.53730167 -1.03376614
v -5.00000000 5.53376614 -1.03730167
v -5.00000000 -1.53730167 6.03376614
v 5.00000000 -1.53376614 6.03730167
v 5.00000000 5.53730167 -1.03376614
v 5.00000000 5.53376614 -1.03730167
v 5.00000000 -1.53730167 6.03376614
v -2.62868665 -1.39021822 10.01324673
v -4.33179952 8.39125778 8.82071427
v -4.33580578 8.39021822 8.81790905
v -2.63269291 -1.39125778 10.01044152
v 3.10707771 -1.39021822 1.82172629
v 1.40396484 8.39125778 0.62919382
v 1.39995859 8.39021822 0.62638861
v 3.10307145 -1.39125778 1.81892108
v -4.95416223 -1.29168041 2.78170271
v -1.42030729 1.29651004 -6.20791016
v -1.41983385 1.29168041 -6.20911454
v -4.95368878 -1.29651004 2.78049833
v 4.35256985 -1.29168041 6.44021854
v 7.88642478 1.29651004 -2.54939433
v 7.88689823 1.29168041 -2.55059871
v 4.35304329 -1.29651004 6.43901416
v -3.49710616 -1.53376614 7.45876485
v -1.12975644 5.53730167 14.12177133
v -1.12857277 5.53376614 14.12510283
v -3.49592248 -1.53730167 7.46209635
v 5.92580797 -1.53376614 4.11082677
v 8.29315768 5.53730167 10.77383325
v 8.29434136 5.53376614 10.77716475
v 5.92699164 -1.53730167 4.11415827
v -5.00000000 -1.39021822 5.45799618
v -5.00000000 8.39125778 7.53711309
v -5.00000000 8.39021822 7.54200382
v -5.00000000 -1.39125778 5.46288691
v 5.00000000 -1.39021822 5.45799618
v 5.00000000 8.39125778 7.53711309
v 5.00000000 8.39021822 7.54200382
v 5.00000000 -1.39125778 5.46288691
v -4.12405544 -1.29168041 2.14000180
v -11.41399019 1.29651004 8.47704540
v -11.41496685 1.29168041 8.47789440
v -4.12503210 -1.29651004 2.14085080
v 2.43653485 -1.29168041 9.68709760
v -4.85339990 1.29651004 16.02414120
v -4.85437656 1.29168041 16.02499020
v 2.43555819 -1.29651004 9.68794660
vt 0.0000000e+0 0.0000000e+0
vt 0.0000000e+0 1.00000000
vt 1.00000000 0.0000000e+0
vt 1.00000000 1.00000000
vn -0.57357644 -7.1054274e-14 0.81915204
vn -0.79124012 -0.25881905 -0.55403229
vn -0.21201215 0.96592583 -0.14845251
vn -0.57357644 -7.1054274e-14 0.81915204
vn 0.79124012 0.25881905 0.55403229
vn -0.21201215 0.96592583 -0.14845251
vn -0.57357644 -7.1054274e-14 0.81915204
vn 0.21201215 -0.96592583 0.14845251
vn 0.79124012 0.25881905 0.55403229
vn -0.57357644 -7.1054274e-14 0.81915204
vn 0.21201215 -0.96592583 0.14845251
vn -0.79124012 -0.25881905 -0.55403229
vn -0.79124012 -0.25881905 -0.55403229
vn 0.57357644 1.4210855e-13 -0.81915204
vn -0.21201215 0.96592583 -0.14845251
vn 0.79124012 0.25881905 0.55403229
vn 0.57357644 1.4210855e-13 -0.81915204
vn -0.21201215 0.96592583 -0.14845251
vn 0.21201215 -0.96592583 0.14845251
vn 0.79124012 0.25881905 0.55403229
vn 0.57357644 1.4210855e-13 -0.81915204
vn 0.21201215 -0.96592583 0.14845251
vn -0.79124012 -0.25881905 -0.55403229
vn 0.57357644 1.4210855e-13 -0.81915204
vn -0.57357644 -1.4210855e-13 0.81915204
vn 0.79124012 -0.25881905 0.55403229
vn 0.21201215 0.96592583 0.14845251
vn -0.57357644 -1.4210855e-13 0.81915204
vn -0.79124012 0.25881905 -0.55403229
vn 0.21201215 0.96592583 0.14845251
vn -0.57357644 -1.4210855e-13 0.81915204
vn -0.21201215 -0.96592583 -0.14845251
vn -0.79124012 0.25881905 -0.55403229
vn -0.57357644 -1.4210855e-13 0.81915204
vn -0.21201215 -0.96592583 -0.14845251
vn 0.79124012 -0.25881905 0.55403229
vn 0.79124012 -0.25881905 0.55403229
vn 0.57357644 7.1054274e-14 -0.81915204
vn 0.21201215 0.96592583 0.14845251
vn -0.79124012 0.25881905 -0.55403229
vn 0.57357644 7.1054274e-14 -0.81915204
vn 0.21201215 0.96592583 0.14845251
vn -0.21201215 -0.96592583 -0.14845251
vn -0.79124012 0.25881905 -0.55403229
vn 0.57357644 7.1054274e-14 -0.81915204
vn -0.21201215 -0.96592583 -0.14845251
vn 0.79124012 -0.25881905 0.55403229
vn 0.57357644 7.1054274e-14 -0.81915204
vn -1.00000000 0.0000000e+0 0.0000000e+0
vn 3.9251507e-17 -0.70710678 0.70710678
vn -7.1054274e-17 0.70710678 0.70710678
vn -1.00000000 0.0000000e+0 0.0000000e+0
vn -6.2815963e-17 0.70710678 -0.70710678
vn -7.1054274e-17 0.70710678 0.70710678
vn -1.00000000 0.0000000e+0 0.0000000e+0
vn 7.1054274e-17 -0.70710678 -0.70710678
vn -6.2815963e-17 0.70710678 -0.70710678
vn -1.00000000 0.0000000e+0 0.0000000e+0
vn 7.1054274e-17 -0.70710678 -0.70710678
vn 3.9251507e-17 -0.70710678 0.70710678
vn 3.9251507e-17 -0.70710678 0.70710678
vn 1.00000000 0.0000000e+0 0.0000000e+0
vn -7.1054274e-17 0.70710678 0.70710678
vn -6.2815963e-17 0.70710678 -0.70710678
vn 1.00000000 0.0000000e+0 0.0000000e+0
vn -7.1054274e-17 0.70710678 0.70710678
vn 7.1054274e-17 -0.70710678 -0.70710678
vn -6.2815963e-17 0.70710678 -0.70710678
vn 1.00000000 0.0000000e+0 0.0000000e+0
vn 7.1054274e-17 -0.70710678 -0.70710678
vn 3.9251507e-17 -0.70710678 0.70710678
vn 1.00000000 0.0000000e+0 0.0000000e+0
vn -0.57357644 2.6645353e-14 0.81915204
vn 0.17031129 -0.97814760 0.11925325
vn 0.80125161 0.20791169 0.56104242
vn -0.57357644 2.6645353e-14 0.81915204
vn -0.17031129 0.97814760 -0.11925325
vn 0.80125161 0.20791169 0.56104242
vn -0.57357644 2.6645353e-14 0.81915204
vn -0.80125161 -0.20791169 -0.56104242
vn -0.17031129 0.97814760 -0.11925325
vn -0.57357644 2.6645353e-14 0.81915204
vn -0.80125161 -0.20791169 -0.56104242
vn 0.17031129 -0.97814760 0.11925325
vn 0.17031129 -0.97814760 0.11925325
vn 0.57357644 4.4408921e-15 -0.81915204
vn 0.80125161 0.20791169 0.56104242
vn -0.17031129 0.97814760 -0.11925325
vn 0.57357644 4.4408921e-15 -0.81915204
vn 0.80125161 0.20791169 0.56104242
vn -0.80125161 -0.20791169 -0.56104242
vn -0.17031129 0.97814760 -0.11925325
vn 0.57357644 4.4408921e-15 -0.81915204
vn -0.80125161 -0.20791169 -0.56104242
vn 0.17031129 -0.97814760 0.11925325
vn 0.57357644 4.4408921e-15 -0.81915204
vn -0.93067321 -1.4210855e-13 -0.36585158
vn -0.35338549 -0.25881905 0.89896129
vn -9.4689357e-2 0.96592583 0.24087595
vn -0.93067321 -1.4210855e-13 -0.36585158
vn 0.35338549 0.25881905 -0.89896129
vn -9.4689357e-2 0.96592583 0.24087595
vn -0.93067321 -1.4210855e-13 -0.36585158
vn 9.4689357e-2 -0.96592583 -0.24087595
vn 0.35338549 0.25881905 -0.89896129
vn -0.93067321 -1.4210855e-13 -0.36585158
vn 9.4689357e-2 -0.96592583 -0.24087595
vn -0.35338549 -0.25881905 0.89896129
vn -0.35338549 -0.25881905 0.89896129
vn 0.93067321 2.4868996e-13 0.36585158
vn -9.4689357e-2 0.96592583 0.24087595
vn 0.35338549 0.25881905 -0.89896129
vn 0.93067321 2.4868996e-13 0.36585158
vn -9.4689357e-2 0.96592583 0.24087595
vn 9.4689357e-2 -0.96592583 -0.24087595
vn 0.35338549 0.25881905 -0.89896129
vn 0.93067321 2.4868996e-13 0.36585158
vn 9.4689357e-2 -0.96592583 -0.24087595
vn -0.35338549 -0.25881905 0.89896129
vn 0.93067321 2.4868996e-13 0.36585158
vn -0.94229141 -7.1054274e-14 0.33479381
vn -0.23673497 -0.70710678 -0.66630065
vn -0.23673497 0.70710678 -0.66630065
vn -0.94229141 -7.1054274e-14 0.33479381
vn 0.23673497 0.70710678 0.66630065
vn -0.23673497 0.70710678 -0.66630065
vn -0.94229141 -7.1054274e-14 0.33479381
vn 0.23673497 -0.70710678 0.66630065
vn 0.23673497 0.70710678 0.66630065
vn -0.94229141 -7.1054274e-14 0.33479381
vn 0.23673497 -0.70710678 0.66630065
vn -0.23673497 -0.70710678 -0.66630065
vn -0.23673497 -0.70710678 -0.66630065
vn 0.94229141 8.8817842e-14 -0.33479381
vn -0.23673497 0.70710678 -0.66630065
vn 0.23673497 0.70710678 0.66630065
vn 0.94229141 8.8817842e-14 -0.33479381
vn -0.23673497 0.70710678 -0.66630065
vn 0.23673497 -0.70710678 0.66630065
vn 0.23673497 0.70710678 0.66630065
vn 0.94229141 8.8817842e-14 -0.33479381
vn 0.23673497 -0.70710678 0.66630065
vn -0.23673497 -0.70710678 -0.66630065
vn 0.94229141 8.8817842e-14 -0.33479381
vn -1.00000000 0.0000000e+0 0.0000000e+0
vn 7.4394904e-17 -0.97814760 -0.20791169
vn -5.3290705e-17 0.20791169 -0.97814760
vn -1.00000000 0.0000000e+0 0.0000000e+0
vn -4.9941063e-17 0.97814760 0.20791169
vn -5.3290705e-17 0.20791169 -0.97814760
vn -1.00000000 0.0000000e+0 0.0000000e+0
vn 1.0658141e-16 -0.20791169 0.97814760
vn -4.9941063e-17 0.97814760 0.20791169
vn -1.00000000 0.0000000e+0 0.0000000e+0
vn 1.0658141e-16 -0.20791169 0.97814760
vn 7.4394904e-17 -0.97814760 -0.20791169
vn 7.4394904e-17 -0.97814760 -0.20791169
vn 1.00000000 0.0000000e+0 0.0000000e+0
vn -5.3290705e-17 0.20791169 -0.97814760
vn -4.9941063e-17 0.97814760 0.20791169
vn 1.00000000 0.0000000e+0 0.0000000e+0
vn -5.3290705e-17 0.20791169 -0.97814760
vn 1.0658141e-16 -0.20791169 0.97814760
vn -4.9941063e-17 0.97814760 0.20791169
vn 1.00000000 0.0000000e+0 0.0000000e+0
vn 1.0658141e-16 -0.20791169 0.97814760
vn 7.4394904e-17 -0.97814760 -0.20791169
vn 1.00000000 0.0000000e+0 0.0000000e+0
vn -0.65605903 -1.4210855e-13 -0.75470958
vn 0.72899347 -0.25881905 -0.63370436
vn 0.19533321 0.96592583 -0.16980057
vn -0.65605903 -1.4210855e-13 -0.75470958
vn -0.72899347 0.25881905 0.63370436
vn 0.19533321 0.96592583 -0.16980057
vn -0.65605903 -1.4210855e-13 -0.75470958
vn -0.19533321 -0.96592583 0.16980057
vn -0.72899347 0.25881905 0.63370436
vn -0.65605903 -1.4210855e-13 -0.75470958
vn -0.19533321 -0.96592583 0.16980057
vn 0.72899347 -0.25881905 -0.63370436
vn 0.72899347 -0.25881905 -0.63370436
vn 0.65605903 -1.4210855e-13 0.75470958
vn 0.19533321 0.96592583 -0.16980057
vn -0.72899347 0.25881905 0.63370436
vn 0.65605903 -1.4210855e-13 0.75470958
vn 0.19533321 0.96592583 -0.16980057
vn -0.19533321 -0.96592583 0.16980057
vn -0.72899347 0.25881905 0.63370436
vn 0.65605903 -1.4210855e-13 0.75470958
vn -0.19533321 -0.96592583 0.16980057
vn 0.72899347 -0.25881905 -0.63370436
vn 0.65605903 -1.4210855e-13 0.75470958
g grass_default
usemtl default
s 1
f 10//28 11//31 12//34 9//25
f 13//38 16//48 15//45 14//41
f 26//76 27//79 28//82 25//73
f 29//86 32//96 31//93 30//89
f 34//101 38//112 39//116 35//105
f 36//108 40//119 37//109 33//98
f 41//121 44//130 43//127 42//124
f 46//137 47//141 48//144 45//134
f 57//169 60//178 59//175 58//172
f 62//185 63//189 64//192 61//182
s 2
f 1//2 5//13 8//23 4//12
f 3//9 7//20 6//16 2//5
f 10//29 14//40 15//44 11//33
f 12//36 16//47 13//37 9//26
f 18//52 19//55 20//58 17//49
f 21//62 24//72 23//69 22//65
f 49//146 53//157 56//167 52//156
f 51//153 55//164 54//160 50//149
s 3
f 1//1 4//10 3//7 2//4
f 6//17 7//21 8//24 5//14
f 18//53 22//64 23//68 19//57
f 20//60 24//71 21//61 17//50
f 26//77 30//88 31//92 27//81
f 28//84 32//95 29//85 25//74
f 34//100 35//103 36//106 33//97
f 37//110 40//120 39//117 38//113
f 41//122 45//133 48//143 44//132
f 43//129 47//140 46//136 42//125
f 49//145 52//154 51//151 50//148
f 54//161 55//165 56//168 53//158
f 57//170 61//181 64//191 60//180
f 59//177 63//188 62//184 58//173
g grass_image
usemtl image
s 1
f 2/2/6 6/4/18 5/3/15 1/1/3
f 4/1/11 8/3/22 7/4/19 3/2/8
f 17/1/51 21/3/63 22/4/66 18/2/54
f 19/2/56 23/4/67 24/3/70 20/1/59
f 50/2/150 54/4/162 53/3/159 49/1/147
f 52/1/155 56/3/166 55/4/163 51/2/152
s 2
f 25/1/75 29/3/87 30/4/90 26/2/78
f 27/2/80 31/4/91 32/3/94 28/1/83
f 33/1/99 37/3/111 38/4/114 34/2/102
f 35/2/104 39/4/115 40/3/118 36/1/107
f 42/2/126 46/4/138 45/3/135 41/1/123
f 44/1/131 48/3/142 47/4/139 43/2/128
f 58/2/174 62/4/186 61/3/183 57/1/171
f 60/1/179 64/3/190 63/4/187 59/2/176
s 3
f 9/1/27 13/3/39 14/4/42 10/2/30
f 11/2/32 15/4/43 16/3/46 12/1/35
