# Exported from Wings 3D 2.1.5
mtllib grass.mtl
o grass
#24 vertices, 18 faces
v -0.53902592 -0.12654229 -1.04795272
v -0.53902592 2.37345771 -1.04795272
v -0.53999735 2.37345771 -1.04716607
v -0.53999735 -0.12654229 -1.04716607
v 1.03427506 -0.12654229 0.89491218
v 1.03427506 2.37345771 0.89491218
v 1.03330362 2.37345771 0.89569883
v 1.03330362 -0.12654229 0.89569883
v -1.16159432 -0.14467088 -9.9337416e-2
v -1.16159432 2.35532912 -9.9337416e-2
v -1.16159432 2.35532912 -9.8087416e-2
v -1.16159432 -0.14467088 -9.8087416e-2
v 1.33840568 -0.14467088 -9.9337416e-2
v 1.33840568 2.35532912 -9.9337416e-2
v 1.33840568 2.35532912 -9.8087416e-2
v 1.33840568 -0.14467088 -9.8087416e-2
v -0.33047586 -0.16792303 1.13521317
v -0.33047586 2.33207697 1.13521317
v -0.32933393 2.33207697 1.13572159
v -0.32933393 -0.16792303 1.13572159
v 0.68636574 -0.16792303 -1.14865047
v 0.68636574 2.33207697 -1.14865047
v 0.68750768 2.33207697 -1.14814205
v 0.68750768 -0.16792303 -1.14814205
vt 0.0000000e+0 0.0000000e+0
vt 0.0000000e+0 1.00000000
vt 1.00000000 0.0000000e+0
vt 1.00000000 1.00000000
vn -0.62932039 0.0000000e+0 -0.77714596
vn 0.0000000e+0 -1.00000000 0.0000000e+0
vn 0.77714596 0.0000000e+0 -0.62932039
vn -0.62932039 0.0000000e+0 -0.77714596
vn 0.0000000e+0 1.00000000 0.0000000e+0
vn 0.77714596 0.0000000e+0 -0.62932039
vn -0.62932039 0.0000000e+0 -0.77714596
vn -0.77714596 0.0000000e+0 0.62932039
vn 0.0000000e+0 1.00000000 0.0000000e+0
vn -0.62932039 0.0000000e+0 -0.77714596
vn -0.77714596 0.0000000e+0 0.62932039
vn 0.0000000e+0 -1.00000000 0.0000000e+0
vn 0.0000000e+0 -1.00000000 0.0000000e+0
vn 0.62932039 0.0000000e+0 0.77714596
vn 0.77714596 0.0000000e+0 -0.62932039
vn 0.0000000e+0 1.00000000 0.0000000e+0
vn 0.62932039 0.0000000e+0 0.77714596
vn 0.77714596 0.0000000e+0 -0.62932039
vn -0.77714596 0.0000000e+0 0.62932039
vn 0.0000000e+0 1.00000000 0.0000000e+0
vn 0.62932039 0.0000000e+0 0.77714596
vn -0.77714596 0.0000000e+0 0.62932039
vn 0.0000000e+0 -1.00000000 0.0000000e+0
vn 0.62932039 0.0000000e+0 0.77714596
vn -1.00000000 0.0000000e+0 0.0000000e+0
vn 0.0000000e+0 -1.00000000 0.0000000e+0
vn -5.5511151e-17 0.0000000e+0 -1.00000000
vn -1.00000000 0.0000000e+0 0.0000000e+0
vn 0.0000000e+0 1.00000000 0.0000000e+0
vn -5.5511151e-17 0.0000000e+0 -1.00000000
vn -1.00000000 0.0000000e+0 0.0000000e+0
vn 5.5511151e-17 0.0000000e+0 1.00000000
vn 0.0000000e+0 1.00000000 0.0000000e+0
vn -1.00000000 0.0000000e+0 0.0000000e+0
vn 5.5511151e-17 0.0000000e+0 1.00000000
vn 0.0000000e+0 -1.00000000 0.0000000e+0
vn 0.0000000e+0 -1.00000000 0.0000000e+0
vn 1.00000000 0.0000000e+0 0.0000000e+0
vn -5.5511151e-17 0.0000000e+0 -1.00000000
vn 0.0000000e+0 1.00000000 0.0000000e+0
vn 1.00000000 0.0000000e+0 0.0000000e+0
vn -5.5511151e-17 0.0000000e+0 -1.00000000
vn 5.5511151e-17 0.0000000e+0 1.00000000
vn 0.0000000e+0 1.00000000 0.0000000e+0
vn 1.00000000 0.0000000e+0 0.0000000e+0
vn 5.5511151e-17 0.0000000e+0 1.00000000
vn 0.0000000e+0 -1.00000000 0.0000000e+0
vn 1.00000000 0.0000000e+0 0.0000000e+0
vn -0.40673664 0.0000000e+0 0.91354546
vn 0.0000000e+0 -1.00000000 0.0000000e+0
vn -0.91354546 0.0000000e+0 -0.40673664
vn -0.40673664 0.0000000e+0 0.91354546
vn 0.0000000e+0 1.00000000 0.0000000e+0
vn -0.91354546 0.0000000e+0 -0.40673664
vn -0.40673664 0.0000000e+0 0.91354546
vn 0.91354546 0.0000000e+0 0.40673664
vn 0.0000000e+0 1.00000000 0.0000000e+0
vn -0.40673664 0.0000000e+0 0.91354546
vn 0.91354546 0.0000000e+0 0.40673664
vn 0.0000000e+0 -1.00000000 0.0000000e+0
vn 0.0000000e+0 -1.00000000 0.0000000e+0
vn 0.40673664 0.0000000e+0 -0.91354546
vn -0.91354546 0.0000000e+0 -0.40673664
vn 0.0000000e+0 1.00000000 0.0000000e+0
vn 0.40673664 0.0000000e+0 -0.91354546
vn -0.91354546 0.0000000e+0 -0.40673664
vn 0.91354546 0.0000000e+0 0.40673664
vn 0.0000000e+0 1.00000000 0.0000000e+0
vn 0.40673664 0.0000000e+0 -0.91354546
vn 0.91354546 0.0000000e+0 0.40673664
vn 0.0000000e+0 -1.00000000 0.0000000e+0
vn 0.40673664 0.0000000e+0 -0.91354546
g grass_default
usemtl default
s 1
f 9//25 12//34 11//31 10//28
f 14//41 15//45 16//48 13//38
s 2
f 1//2 5//13 8//23 4//12
f 3//9 7//20 6//16 2//5
f 9//26 13//37 16//47 12//36
f 11//33 15//44 14//40 10//29
f 17//49 20//58 19//55 18//52
f 22//65 23//69 24//72 21//62
s 3
f 1//1 4//10 3//7 2//4
f 6//17 7//21 8//24 5//14
f 17//50 21//61 24//71 20//60
f 19//57 23//68 22//64 18//53
g grass_image
usemtl image
s 1
f 2/2/6 6/4/18 5/3/15 1/1/3
f 4/1/11 8/3/22 7/4/19 3/2/8
f 18/2/54 22/4/66 21/3/63 17/1/51
f 20/1/59 24/3/70 23/4/67 19/2/56
s 3
f 10/2/30 14/4/42 13/3/39 9/1/27
f 12/1/35 16/3/46 15/4/43 11/2/32
