# Exported from Wings 3D 2.1.5
mtllib grass.mtl
o grass
#24 vertices, 18 faces
v -1.53660017 -0.60470452 -1.34856327
v -1.53660017 3.81156748 -1.34856327
v -1.53695352 3.81156748 -1.34750248
v -1.53695352 -0.60470452 -1.34750248
v 1.93237568 -0.60470452 1.22569937
v 1.93237568 3.81156748 1.22569937
v 1.93202233 3.81156748 1.22676016
v 1.93202233 -0.60470452 1.22676016
v -1.31226765 -0.17561448 1.36579081
v -1.31226765 3.62785253 1.36579081
v -1.31082220 3.62785253 1.36717308
v -1.31082220 -0.17561448 1.36717308
v 1.45227128 -0.17561448 -1.52511294
v 1.45227128 3.62785253 -1.52511294
v 1.45371673 3.62785253 -1.52373068
v 1.45371673 -0.17561448 -1.52373068
v -1.92927546 -0.34620256 -7.9969933e-2
v -1.92927546 5.64579744 -7.9969933e-2
v -1.92927546 5.64579744 -7.7969933e-2
v -1.92927546 -0.34620256 -7.7969933e-2
v 2.07072454 -0.34620256 -7.9969933e-2
v 2.07072454 5.64579744 -7.9969933e-2
v 2.07072454 5.64579744 -7.7969933e-2
v 2.07072454 -0.34620256 -7.7969933e-2
vt -9.8888889e-4 3.3333333e-4
vt -9.8888889e-4 1.00033333
vt 0.49720000 3.1111111e-4
vt 0.49720000 0.50031111
vt 0.49844444 0.49671111
vt 0.49844444 0.99671111
vt 0.49901111 3.3333333e-4
vt 0.49901111 1.00033333
vt 0.99720000 3.1111111e-4
vt 0.99720000 0.50031111
vt 0.99844444 0.49671111
vt 0.99844444 0.99671111
vn -0.94874975 0.0000000e+0 -0.31602835
vn 0.0000000e+0 -1.00000000 0.0000000e+0
vn 0.59592252 0.0000000e+0 -0.80304193
vn -0.94874975 0.0000000e+0 -0.31602835
vn 0.0000000e+0 1.00000000 0.0000000e+0
vn 0.59592252 0.0000000e+0 -0.80304193
vn -0.94874975 0.0000000e+0 -0.31602835
vn -0.59592252 0.0000000e+0 0.80304193
vn 0.0000000e+0 1.00000000 0.0000000e+0
vn -0.94874975 0.0000000e+0 -0.31602835
vn -0.59592252 0.0000000e+0 0.80304193
vn 0.0000000e+0 -1.00000000 0.0000000e+0
vn 0.0000000e+0 -1.00000000 0.0000000e+0
vn 0.94874975 0.0000000e+0 0.31602835
vn 0.59592252 0.0000000e+0 -0.80304193
vn 0.0000000e+0 1.00000000 0.0000000e+0
vn 0.94874975 0.0000000e+0 0.31602835
vn 0.59592252 0.0000000e+0 -0.80304193
vn -0.59592252 0.0000000e+0 0.80304193
vn 0.0000000e+0 1.00000000 0.0000000e+0
vn 0.94874975 0.0000000e+0 0.31602835
vn -0.59592252 0.0000000e+0 0.80304193
vn 0.0000000e+0 -1.00000000 0.0000000e+0
vn 0.94874975 0.0000000e+0 0.31602835
vn -0.69113473 0.0000000e+0 0.72272594
vn 0.0000000e+0 -1.00000000 0.0000000e+0
vn -0.72272594 0.0000000e+0 -0.69113473
vn -0.69113473 0.0000000e+0 0.72272594
vn 0.0000000e+0 1.00000000 0.0000000e+0
vn -0.72272594 0.0000000e+0 -0.69113473
vn -0.69113473 0.0000000e+0 0.72272594
vn 0.72272594 0.0000000e+0 0.69113473
vn 0.0000000e+0 1.00000000 0.0000000e+0
vn -0.69113473 0.0000000e+0 0.72272594
vn 0.72272594 0.0000000e+0 0.69113473
vn 0.0000000e+0 -1.00000000 0.0000000e+0
vn 0.0000000e+0 -1.00000000 0.0000000e+0
vn 0.69113473 0.0000000e+0 -0.72272594
vn -0.72272594 0.0000000e+0 -0.69113473
vn 0.0000000e+0 1.00000000 0.0000000e+0
vn 0.69113473 0.0000000e+0 -0.72272594
vn -0.72272594 0.0000000e+0 -0.69113473
vn 0.72272594 0.0000000e+0 0.69113473
vn 0.0000000e+0 1.00000000 0.0000000e+0
vn 0.69113473 0.0000000e+0 -0.72272594
vn 0.72272594 0.0000000e+0 0.69113473
vn 0.0000000e+0 -1.00000000 0.0000000e+0
vn 0.69113473 0.0000000e+0 -0.72272594
vn -1.00000000 0.0000000e+0 0.0000000e+0
vn 0.0000000e+0 -1.00000000 0.0000000e+0
vn -5.5511151e-17 0.0000000e+0 -1.00000000
vn -1.00000000 0.0000000e+0 0.0000000e+0
vn 0.0000000e+0 1.00000000 0.0000000e+0
vn -5.5511151e-17 0.0000000e+0 -1.00000000
vn -1.00000000 0.0000000e+0 0.0000000e+0
vn 5.5511151e-17 0.0000000e+0 1.00000000
vn 0.0000000e+0 1.00000000 0.0000000e+0
vn -1.00000000 0.0000000e+0 0.0000000e+0
vn 5.5511151e-17 0.0000000e+0 1.00000000
vn 0.0000000e+0 -1.00000000 0.0000000e+0
vn 0.0000000e+0 -1.00000000 0.0000000e+0
vn 1.00000000 0.0000000e+0 0.0000000e+0
vn -5.5511151e-17 0.0000000e+0 -1.00000000
vn 0.0000000e+0 1.00000000 0.0000000e+0
vn 1.00000000 0.0000000e+0 0.0000000e+0
vn -5.5511151e-17 0.0000000e+0 -1.00000000
vn 5.5511151e-17 0.0000000e+0 1.00000000
vn 0.0000000e+0 1.00000000 0.0000000e+0
vn 1.00000000 0.0000000e+0 0.0000000e+0
vn 5.5511151e-17 0.0000000e+0 1.00000000
vn 0.0000000e+0 -1.00000000 0.0000000e+0
vn 1.00000000 0.0000000e+0 0.0000000e+0
g grass_default
usemtl default
s 1
f 9//25 12//34 11//31 10//28
f 14//41 15//45 16//48 13//38
s 2
f 1//2 5//13 8//23 4//12
f 3//9 7//20 6//16 2//5
f 9//26 13//37 16//47 12//36
f 11//33 15//44 14//40 10//29
f 17//49 20//58 19//55 18//52
f 22//65 23//69 24//72 21//62
s 3
f 1//1 4//10 3//7 2//4
f 6//17 7//21 8//24 5//14
f 17//50 21//61 24//71 20//60
f 19//57 23//68 22//64 18//53
g grass_image
usemtl image
s 1
f 2/6/6 6/12/18 5/11/15 1/5/3
f 4/5/11 8/11/22 7/12/19 3/6/8
f 18/2/54 22/8/66 21/7/63 17/1/51
f 20/1/59 24/7/70 23/8/67 19/2/56
s 3
f 10/4/30 14/10/42 13/9/39 9/3/27
f 12/3/35 16/9/46 15/10/43 11/4/32
