# Exported from Wings 3D 2.1.5
mtllib grass2.mtl
o grass
#96 vertices, 72 faces
v -2.67457328 -1.03334433 7.61034198
v 3.65534764 1.03720803 12.04260033
v 3.65619569 1.03334433 12.04319414
v -2.67372523 -1.03720803 7.61093579
v 1.91403821 -1.03334433 1.05712563
v 8.24395913 1.03720803 5.48938397
v 8.24480718 1.03334433 5.48997778
v 1.91488626 -1.03720803 1.05771944
v -2.48566217 -1.11217458 7.74261897
v -1.12317188 6.71300623 8.69664494
v -1.11996687 6.71217458 8.69888911
v -2.48245716 -1.11300623 7.74486314
v 2.10294932 -1.11217458 1.18940261
v 3.46543962 6.71300623 2.14342859
v 3.46864462 6.71217458 2.14567276
v 2.10615433 -1.11300623 1.19164678
v -2.48258075 -1.22701291 7.74477660
v 2.15124298 4.42984134 10.98941490
v 2.15355989 4.42701291 10.99103722
v -2.48026384 -1.22984134 7.74639892
v 2.10603074 -1.22701291 1.19156025
v 6.73985447 4.42984134 4.43619855
v 6.74217138 4.42701291 4.43782087
v 2.10834766 -1.22984134 1.19318257
v -1.91403821 -1.03334433 8.14287437
v -8.24395913 1.03720803 3.71061603
v -8.24480718 1.03334433 3.71002222
v -1.91488626 -1.03720803 8.14228056
v 2.67457328 -1.03334433 1.58965802
v -3.65534764 1.03720803 -2.84260033
v -3.65619569 1.03334433 -2.84319414
v 2.67372523 -1.03720803 1.58906421
v -4.00000000 -1.22701291 4.82984134
v -4.00000000 4.42984134 -0.82701291
v -4.00000000 4.42701291 -0.82984134
v -4.00000000 -1.22984134 4.82701291
v 4.00000000 -1.22701291 4.82984134
v 4.00000000 4.42984134 -0.82701291
v 4.00000000 4.42701291 -0.82984134
v 4.00000000 -1.22984134 4.82701291
v -2.10603074 -1.22701291 8.00843975
v -6.73985447 4.42984134 4.76380145
v -6.74217138 4.42701291 4.76217913
v -2.10834766 -1.22984134 8.00681743
v 2.48258075 -1.22701291 1.45522340
v -2.15124298 4.42984134 -1.78941490
v -2.15355989 4.42701291 -1.79103722
v 2.48026384 -1.22984134 1.45360108
v -4.00000000 -1.11217458 4.83360306
v -4.00000000 6.71300623 3.17030953
v -4.00000000 6.71217458 3.16639694
v -4.00000000 -1.11300623 4.82969047
v 4.00000000 -1.11217458 4.83360306
v 4.00000000 6.71300623 3.17030953
v 4.00000000 6.71217458 3.16639694
v 4.00000000 -1.11300623 4.82969047
v -2.10294932 -1.11217458 8.01059739
v -3.46543962 6.71300623 7.05657141
v -3.46864462 6.71217458 7.05432724
v -2.10615433 -1.11300623 8.00835322
v 2.48566217 -1.11217458 1.45738103
v 1.12317188 6.71300623 0.50335506
v 1.11996687 6.71217458 0.50111089
v 2.48245716 -1.11300623 1.45513686
v -4.00000000 -1.03334433 5.06422094
v -4.00000000 1.03720803 -2.66318567
v -4.00000000 1.03334433 -2.66422094
v -4.00000000 -1.03720803 5.06318567
v 4.00000000 -1.03334433 5.06422094
v 4.00000000 1.03720803 -2.66318567
v 4.00000000 1.03334433 -2.66422094
v 4.00000000 -1.03720803 5.06318567
v -4.00000000 -1.22701291 4.37015866
v -4.00000000 4.42984134 10.02701291
v -4.00000000 4.42701291 10.02984134
v -4.00000000 -1.22984134 4.37298709
v 4.00000000 -1.22701291 4.37015866
v 4.00000000 4.42984134 10.02701291
v 4.00000000 4.42701291 10.02984134
v 4.00000000 -1.22984134 4.37298709
v -4.00000000 -1.11217458 4.36639694
v -4.00000000 6.71300623 6.02969047
v -4.00000000 6.71217458 6.03360306
v -4.00000000 -1.11300623 4.37030953
v 4.00000000 -1.11217458 4.36639694
v 4.00000000 6.71300623 6.02969047
v 4.00000000 6.71217458 6.03360306
v 4.00000000 -1.11300623 4.37030953
v -4.00000000 -1.03334433 4.13577906
v -4.00000000 1.03720803 11.86318567
v -4.00000000 1.03334433 11.86422094
v -4.00000000 -1.03720803 4.13681433
v 4.00000000 -1.03334433 4.13577906
v 4.00000000 1.03720803 11.86318567
v 4.00000000 1.03334433 11.86422094
v 4.00000000 -1.03720803 4.13681433
vt 0.0000000e+0 0.0000000e+0
vt 0.0000000e+0 1.00000000
vt 1.00000000 0.0000000e+0
vt 1.00000000 1.00000000
vn -0.57357644 0.0000000e+0 0.81915204
vn -0.79124012 -0.25881905 -0.55403229
vn -0.21201215 0.96592583 -0.14845251
vn -0.57357644 0.0000000e+0 0.81915204
vn 0.79124012 0.25881905 0.55403229
vn -0.21201215 0.96592583 -0.14845251
vn -0.57357644 0.0000000e+0 0.81915204
vn 0.21201215 -0.96592583 0.14845251
vn 0.79124012 0.25881905 0.55403229
vn -0.57357644 0.0000000e+0 0.81915204
vn 0.21201215 -0.96592583 0.14845251
vn -0.79124012 -0.25881905 -0.55403229
vn -0.79124012 -0.25881905 -0.55403229
vn 0.57357644 5.5511151e-14 -0.81915204
vn -0.21201215 0.96592583 -0.14845251
vn 0.79124012 0.25881905 0.55403229
vn 0.57357644 5.5511151e-14 -0.81915204
vn -0.21201215 0.96592583 -0.14845251
vn 0.21201215 -0.96592583 0.14845251
vn 0.79124012 0.25881905 0.55403229
vn 0.57357644 5.5511151e-14 -0.81915204
vn 0.21201215 -0.96592583 0.14845251
vn -0.79124012 -0.25881905 -0.55403229
vn 0.57357644 5.5511151e-14 -0.81915204
vn -0.57357644 1.0408341e-14 0.81915204
vn -0.17031129 -0.97814760 -0.11925325
vn -0.80125161 0.20791169 -0.56104242
vn -0.57357644 1.0408341e-14 0.81915204
vn 0.17031129 0.97814760 0.11925325
vn -0.80125161 0.20791169 -0.56104242
vn -0.57357644 1.0408341e-14 0.81915204
vn 0.80125161 -0.20791169 0.56104242
vn 0.17031129 0.97814760 0.11925325
vn -0.57357644 1.0408341e-14 0.81915204
vn 0.80125161 -0.20791169 0.56104242
vn -0.17031129 -0.97814760 -0.11925325
vn -0.17031129 -0.97814760 -0.11925325
vn 0.57357644 3.4694470e-15 -0.81915204
vn -0.80125161 0.20791169 -0.56104242
vn 0.17031129 0.97814760 0.11925325
vn 0.57357644 3.4694470e-15 -0.81915204
vn -0.80125161 0.20791169 -0.56104242
vn 0.80125161 -0.20791169 0.56104242
vn 0.17031129 0.97814760 0.11925325
vn 0.57357644 3.4694470e-15 -0.81915204
vn 0.80125161 -0.20791169 0.56104242
vn -0.17031129 -0.97814760 -0.11925325
vn 0.57357644 3.4694470e-15 -0.81915204
vn -0.57357644 5.5511151e-14 0.81915204
vn -0.57922797 -0.70710678 -0.40557979
vn -0.57922797 0.70710678 -0.40557979
vn -0.57357644 5.5511151e-14 0.81915204
vn 0.57922797 0.70710678 0.40557979
vn -0.57922797 0.70710678 -0.40557979
vn -0.57357644 5.5511151e-14 0.81915204
vn 0.57922797 -0.70710678 0.40557979
vn 0.57922797 0.70710678 0.40557979
vn -0.57357644 5.5511151e-14 0.81915204
vn 0.57922797 -0.70710678 0.40557979
vn -0.57922797 -0.70710678 -0.40557979
vn -0.57922797 -0.70710678 -0.40557979
vn 0.57357644 8.3266727e-14 -0.81915204
vn -0.57922797 0.70710678 -0.40557979
vn 0.57922797 0.70710678 0.40557979
vn 0.57357644 8.3266727e-14 -0.81915204
vn -0.57922797 0.70710678 -0.40557979
vn 0.57922797 -0.70710678 0.40557979
vn 0.57922797 0.70710678 0.40557979
vn 0.57357644 8.3266727e-14 -0.81915204
vn 0.57922797 -0.70710678 0.40557979
vn -0.57922797 -0.70710678 -0.40557979
vn 0.57357644 8.3266727e-14 -0.81915204
vn -0.57357644 -1.1102230e-13 0.81915204
vn 0.79124012 -0.25881905 0.55403229
vn 0.21201215 0.96592583 0.14845251
vn -0.57357644 -1.1102230e-13 0.81915204
vn -0.79124012 0.25881905 -0.55403229
vn 0.21201215 0.96592583 0.14845251
vn -0.57357644 -1.1102230e-13 0.81915204
vn -0.21201215 -0.96592583 -0.14845251
vn -0.79124012 0.25881905 -0.55403229
vn -0.57357644 -1.1102230e-13 0.81915204
vn -0.21201215 -0.96592583 -0.14845251
vn 0.79124012 -0.25881905 0.55403229
vn 0.79124012 -0.25881905 0.55403229
vn 0.57357644 -1.1102230e-13 -0.81915204
vn 0.21201215 0.96592583 0.14845251
vn -0.79124012 0.25881905 -0.55403229
vn 0.57357644 -1.1102230e-13 -0.81915204
vn 0.21201215 0.96592583 0.14845251
vn -0.21201215 -0.96592583 -0.14845251
vn -0.79124012 0.25881905 -0.55403229
vn 0.57357644 -1.1102230e-13 -0.81915204
vn -0.21201215 -0.96592583 -0.14845251
vn 0.79124012 -0.25881905 0.55403229
vn 0.57357644 -1.1102230e-13 -0.81915204
vn -1.00000000 0.0000000e+0 0.0000000e+0
vn 3.9254683e-17 -0.70710678 0.70710678
vn -5.5511151e-17 0.70710678 0.70710678
vn -1.00000000 0.0000000e+0 0.0000000e+0
vn -7.8509366e-17 0.70710678 -0.70710678
vn -5.5511151e-17 0.70710678 0.70710678
vn -1.00000000 0.0000000e+0 0.0000000e+0
vn 5.5511151e-17 -0.70710678 -0.70710678
vn -7.8509366e-17 0.70710678 -0.70710678
vn -1.00000000 0.0000000e+0 0.0000000e+0
vn 5.5511151e-17 -0.70710678 -0.70710678
vn 3.9254683e-17 -0.70710678 0.70710678
vn 3.9254683e-17 -0.70710678 0.70710678
vn 1.00000000 0.0000000e+0 0.0000000e+0
vn -5.5511151e-17 0.70710678 0.70710678
vn -7.8509366e-17 0.70710678 -0.70710678
vn 1.00000000 0.0000000e+0 0.0000000e+0
vn -5.5511151e-17 0.70710678 0.70710678
vn 5.5511151e-17 -0.70710678 -0.70710678
vn -7.8509366e-17 0.70710678 -0.70710678
vn 1.00000000 0.0000000e+0 0.0000000e+0
vn 5.5511151e-17 -0.70710678 -0.70710678
vn 3.9254683e-17 -0.70710678 0.70710678
vn 1.00000000 0.0000000e+0 0.0000000e+0
vn -0.57357644 0.0000000e+0 0.81915204
vn 0.57922797 -0.70710678 0.40557979
vn 0.57922797 0.70710678 0.40557979
vn -0.57357644 0.0000000e+0 0.81915204
vn -0.57922797 0.70710678 -0.40557979
vn 0.57922797 0.70710678 0.40557979
vn -0.57357644 0.0000000e+0 0.81915204
vn -0.57922797 -0.70710678 -0.40557979
vn -0.57922797 0.70710678 -0.40557979
vn -0.57357644 0.0000000e+0 0.81915204
vn -0.57922797 -0.70710678 -0.40557979
vn 0.57922797 -0.70710678 0.40557979
vn 0.57922797 -0.70710678 0.40557979
vn 0.57357644 8.3266727e-14 -0.81915204
vn 0.57922797 0.70710678 0.40557979
vn -0.57922797 0.70710678 -0.40557979
vn 0.57357644 8.3266727e-14 -0.81915204
vn 0.57922797 0.70710678 0.40557979
vn -0.57922797 -0.70710678 -0.40557979
vn -0.57922797 0.70710678 -0.40557979
vn 0.57357644 8.3266727e-14 -0.81915204
vn -0.57922797 -0.70710678 -0.40557979
vn 0.57922797 -0.70710678 0.40557979
vn 0.57357644 8.3266727e-14 -0.81915204
vn -1.00000000 0.0000000e+0 0.0000000e+0
vn 6.5836959e-17 -0.97814760 0.20791169
vn -5.5511151e-17 0.20791169 0.97814760
vn -1.00000000 0.0000000e+0 0.0000000e+0
vn -1.1673173e-16 0.97814760 -0.20791169
vn -5.5511151e-17 0.20791169 0.97814760
vn -1.00000000 0.0000000e+0 0.0000000e+0
vn 1.5265567e-16 -0.20791169 -0.97814760
vn -1.1673173e-16 0.97814760 -0.20791169
vn -1.00000000 0.0000000e+0 0.0000000e+0
vn 1.5265567e-16 -0.20791169 -0.97814760
vn 6.5836959e-17 -0.97814760 0.20791169
vn 6.5836959e-17 -0.97814760 0.20791169
vn 1.00000000 0.0000000e+0 0.0000000e+0
vn -5.5511151e-17 0.20791169 0.97814760
vn -1.1673173e-16 0.97814760 -0.20791169
vn 1.00000000 0.0000000e+0 0.0000000e+0
vn -5.5511151e-17 0.20791169 0.97814760
vn 1.5265567e-16 -0.20791169 -0.97814760
vn -1.1673173e-16 0.97814760 -0.20791169
vn 1.00000000 0.0000000e+0 0.0000000e+0
vn 1.5265567e-16 -0.20791169 -0.97814760
vn 6.5836959e-17 -0.97814760 0.20791169
vn 1.00000000 0.0000000e+0 0.0000000e+0
vn -0.57357644 3.4694470e-14 0.81915204
vn 0.17031129 -0.97814760 0.11925325
vn 0.80125161 0.20791169 0.56104242
vn -0.57357644 3.4694470e-14 0.81915204
vn -0.17031129 0.97814760 -0.11925325
vn 0.80125161 0.20791169 0.56104242
vn -0.57357644 3.4694470e-14 0.81915204
vn -0.80125161 -0.20791169 -0.56104242
vn -0.17031129 0.97814760 -0.11925325
vn -0.57357644 3.4694470e-14 0.81915204
vn -0.80125161 -0.20791169 -0.56104242
vn 0.17031129 -0.97814760 0.11925325
vn 0.17031129 -0.97814760 0.11925325
vn 0.57357644 0.0000000e+0 -0.81915204
vn 0.80125161 0.20791169 0.56104242
vn -0.17031129 0.97814760 -0.11925325
vn 0.57357644 0.0000000e+0 -0.81915204
vn 0.80125161 0.20791169 0.56104242
vn -0.80125161 -0.20791169 -0.56104242
vn -0.17031129 0.97814760 -0.11925325
vn 0.57357644 0.0000000e+0 -0.81915204
vn -0.80125161 -0.20791169 -0.56104242
vn 0.17031129 -0.97814760 0.11925325
vn 0.57357644 0.0000000e+0 -0.81915204
vn -1.00000000 0.0000000e+0 0.0000000e+0
vn 1.4359855e-17 -0.25881905 0.96592583
vn -5.5511151e-17 0.96592583 0.25881905
vn -1.00000000 0.0000000e+0 0.0000000e+0
vn -1.4359855e-17 0.25881905 -0.96592583
vn -5.5511151e-17 0.96592583 0.25881905
vn -1.00000000 0.0000000e+0 0.0000000e+0
vn 5.5511151e-17 -0.96592583 -0.25881905
vn -1.4359855e-17 0.25881905 -0.96592583
vn -1.00000000 0.0000000e+0 0.0000000e+0
vn 5.5511151e-17 -0.96592583 -0.25881905
vn 1.4359855e-17 -0.25881905 0.96592583
vn 1.4359855e-17 -0.25881905 0.96592583
vn 1.00000000 0.0000000e+0 0.0000000e+0
vn -5.5511151e-17 0.96592583 0.25881905
vn -1.4359855e-17 0.25881905 -0.96592583
vn 1.00000000 0.0000000e+0 0.0000000e+0
vn -5.5511151e-17 0.96592583 0.25881905
vn 5.5511151e-17 -0.96592583 -0.25881905
vn -1.4359855e-17 0.25881905 -0.96592583
vn 1.00000000 0.0000000e+0 0.0000000e+0
vn 5.5511151e-17 -0.96592583 -0.25881905
vn 1.4359855e-17 -0.25881905 0.96592583
vn 1.00000000 0.0000000e+0 0.0000000e+0
vn -1.00000000 0.0000000e+0 0.0000000e+0
vn 3.9254683e-17 -0.70710678 -0.70710678
vn -5.5511151e-17 0.70710678 -0.70710678
vn -1.00000000 0.0000000e+0 0.0000000e+0
vn -7.8509366e-17 0.70710678 0.70710678
vn -5.5511151e-17 0.70710678 -0.70710678
vn -1.00000000 0.0000000e+0 0.0000000e+0
vn 5.5511151e-17 -0.70710678 0.70710678
vn -7.8509366e-17 0.70710678 0.70710678
vn -1.00000000 0.0000000e+0 0.0000000e+0
vn 5.5511151e-17 -0.70710678 0.70710678
vn 3.9254683e-17 -0.70710678 -0.70710678
vn 3.9254683e-17 -0.70710678 -0.70710678
vn 1.00000000 0.0000000e+0 0.0000000e+0
vn -5.5511151e-17 0.70710678 -0.70710678
vn -7.8509366e-17 0.70710678 0.70710678
vn 1.00000000 0.0000000e+0 0.0000000e+0
vn -5.5511151e-17 0.70710678 -0.70710678
vn 5.5511151e-17 -0.70710678 0.70710678
vn -7.8509366e-17 0.70710678 0.70710678
vn 1.00000000 0.0000000e+0 0.0000000e+0
vn 5.5511151e-17 -0.70710678 0.70710678
vn 3.9254683e-17 -0.70710678 -0.70710678
vn 1.00000000 0.0000000e+0 0.0000000e+0
vn -1.00000000 0.0000000e+0 0.0000000e+0
vn 6.5836959e-17 -0.97814760 -0.20791169
vn -5.5511151e-17 0.20791169 -0.97814760
vn -1.00000000 0.0000000e+0 0.0000000e+0
vn -1.1673173e-16 0.97814760 0.20791169
vn -5.5511151e-17 0.20791169 -0.97814760
vn -1.00000000 0.0000000e+0 0.0000000e+0
vn 1.5265567e-16 -0.20791169 0.97814760
vn -1.1673173e-16 0.97814760 0.20791169
vn -1.00000000 0.0000000e+0 0.0000000e+0
vn 1.5265567e-16 -0.20791169 0.97814760
vn 6.5836959e-17 -0.97814760 -0.20791169
vn 6.5836959e-17 -0.97814760 -0.20791169
vn 1.00000000 0.0000000e+0 0.0000000e+0
vn -5.5511151e-17 0.20791169 -0.97814760
vn -1.1673173e-16 0.97814760 0.20791169
vn 1.00000000 0.0000000e+0 0.0000000e+0
vn -5.5511151e-17 0.20791169 -0.97814760
vn 1.5265567e-16 -0.20791169 0.97814760
vn -1.1673173e-16 0.97814760 0.20791169
vn 1.00000000 0.0000000e+0 0.0000000e+0
vn 1.5265567e-16 -0.20791169 0.97814760
vn 6.5836959e-17 -0.97814760 -0.20791169
vn 1.00000000 0.0000000e+0 0.0000000e+0
vn -1.00000000 0.0000000e+0 0.0000000e+0
vn 1.4359855e-17 -0.25881905 -0.96592583
vn -5.5511151e-17 0.96592583 -0.25881905
vn -1.00000000 0.0000000e+0 0.0000000e+0
vn -1.4359855e-17 0.25881905 0.96592583
vn -5.5511151e-17 0.96592583 -0.25881905
vn -1.00000000 0.0000000e+0 0.0000000e+0
vn 5.5511151e-17 -0.96592583 0.25881905
vn -1.4359855e-17 0.25881905 0.96592583
vn -1.00000000 0.0000000e+0 0.0000000e+0
vn 5.5511151e-17 -0.96592583 0.25881905
vn 1.4359855e-17 -0.25881905 -0.96592583
vn 1.4359855e-17 -0.25881905 -0.96592583
vn 1.00000000 0.0000000e+0 0.0000000e+0
vn -5.5511151e-17 0.96592583 -0.25881905
vn -1.4359855e-17 0.25881905 0.96592583
vn 1.00000000 0.0000000e+0 0.0000000e+0
vn -5.5511151e-17 0.96592583 -0.25881905
vn 5.5511151e-17 -0.96592583 0.25881905
vn -1.4359855e-17 0.25881905 0.96592583
vn 1.00000000 0.0000000e+0 0.0000000e+0
vn 5.5511151e-17 -0.96592583 0.25881905
vn 1.4359855e-17 -0.25881905 -0.96592583
vn 1.00000000 0.0000000e+0 0.0000000e+0
g grass_default
usemtl default
s 1
f 9//25 12//34 11//31 10//28
f 14//41 15//45 16//48 13//38
f 26//76 27//79 28//82 25//73
f 29//86 32//96 31//93 30//89
f 34//101 38//112 39//116 35//105
f 36//108 40//119 37//109 33//98
f 42//124 43//127 44//130 41//121
f 45//134 48//144 47//141 46//137
f 58//172 59//175 60//178 57//169
f 61//182 64//192 63//189 62//185
f 89//266 93//277 96//287 92//276
f 91//273 95//284 94//280 90//269
s 2
f 1//2 5//13 8//23 4//12
f 3//9 7//20 6//16 2//5
f 9//26 13//37 16//47 12//36
f 11//33 15//44 14//40 10//29
f 17//49 20//58 19//55 18//52
f 22//65 23//69 24//72 21//62
f 50//149 54//160 55//164 51//153
f 52//156 56//167 53//157 49//146
f 66//196 67//199 68//202 65//193
f 69//206 72//216 71//213 70//209
f 73//218 77//229 80//239 76//228
f 75//225 79//236 78//232 74//221
f 81//242 85//253 88//263 84//252
f 83//249 87//260 86//256 82//245
f 89//265 92//274 91//271 90//268
f 94//281 95//285 96//288 93//278
s 3
f 1//1 4//10 3//7 2//4
f 6//17 7//21 8//24 5//14
f 17//50 21//61 24//71 20//60
f 19//57 23//68 22//64 18//53
f 26//77 30//88 31//92 27//81
f 28//84 32//95 29//85 25//74
f 34//100 35//103 36//106 33//97
f 37//110 40//120 39//117 38//113
f 42//125 46//136 47//140 43//129
f 44//132 48//143 45//133 41//122
f 50//148 51//151 52//154 49//145
f 53//158 56//168 55//165 54//161
f 58//173 62//184 63//188 59//177
f 60//180 64//191 61//181 57//170
f 66//197 70//208 71//212 67//201
f 68//204 72//215 69//205 65//194
f 73//217 76//226 75//223 74//220
f 78//233 79//237 80//240 77//230
f 81//241 84//250 83//247 82//244
f 86//257 87//261 88//264 85//254
g grass_image
usemtl image
s 1
f 2/2/6 6/4/18 5/3/15 1/1/3
f 4/1/11 8/3/22 7/4/19 3/2/8
f 18/2/54 22/4/66 21/3/63 17/1/51
f 20/1/59 24/3/70 23/4/67 19/2/56
f 49/1/147 53/3/159 54/4/162 50/2/150
f 51/2/152 55/4/163 56/3/166 52/1/155
f 65/1/195 69/3/207 70/4/210 66/2/198
f 67/2/200 71/4/211 72/3/214 68/1/203
f 74/2/222 78/4/234 77/3/231 73/1/219
f 76/1/227 80/3/238 79/4/235 75/2/224
f 82/2/246 86/4/258 85/3/255 81/1/243
f 84/1/251 88/3/262 87/4/259 83/2/248
s 2
f 25/1/75 29/3/87 30/4/90 26/2/78
f 27/2/80 31/4/91 32/3/94 28/1/83
f 33/1/99 37/3/111 38/4/114 34/2/102
f 35/2/104 39/4/115 40/3/118 36/1/107
f 41/1/123 45/3/135 46/4/138 42/2/126
f 43/2/128 47/4/139 48/3/142 44/1/131
f 57/1/171 61/3/183 62/4/186 58/2/174
f 59/2/176 63/4/187 64/3/190 60/1/179
s 3
f 10/2/30 14/4/42 13/3/39 9/1/27
f 12/1/35 16/3/46 15/4/43 11/2/32
f 90/2/270 94/4/282 93/3/279 89/1/267
f 92/1/275 96/3/286 95/4/283 91/2/272
