# Exported from Wings 3D 2.1.5
mtllib grass.mtl
o grass
#24 vertices, 18 faces
v -6.14640070 -2.41881808 -5.39425307
v -6.14640070 15.24626992 -5.39425307
v -6.14781408 15.24626992 -5.39000993
v -6.14781408 -2.41881808 -5.39000993
v 7.72950273 -2.41881808 4.90279749
v 7.72950273 15.24626992 4.90279749
v 7.72808934 15.24626992 4.90704062
v 7.72808934 -2.41881808 4.90704062
v -7.71710183 -1.38481023 -0.31987973
v -7.71710183 22.58318977 -0.31987973
v -7.71710183 22.58318977 -0.31187973
v -7.71710183 -1.38481023 -0.31187973
v 8.28289817 -1.38481023 -0.31987973
v 8.28289817 22.58318977 -0.31987973
v 8.28289817 22.58318977 -0.31187973
v 8.28289817 -1.38481023 -0.31187973
v -5.98219406 -0.70245793 4.65892030
v -5.98219406 14.51141010 4.65892030
v -5.97721612 14.51141010 4.66518290
v -5.97721612 -0.70245793 4.66518290
v 6.54301247 -0.70245793 -5.29694237
v 6.54301247 14.51141010 -5.29694237
v 6.54799040 14.51141010 -5.29067977
v 6.54799040 -0.70245793 -5.29067977
vt -9.8888889e-4 3.3333333e-4
vt -9.8888889e-4 1.00033333
vt 0.49720000 3.1111111e-4
vt 0.49720000 0.50031111
vt 0.49844444 0.49671111
vt 0.49844444 0.99671111
vt 0.49901111 3.3333333e-4
vt 0.49901111 1.00033333
vt 0.99720000 3.1111111e-4
vt 0.99720000 0.50031111
vt 0.99844444 0.49671111
vt 0.99844444 0.99671111
vn -0.94874975 0.0000000e+0 -0.31602835
vn 0.0000000e+0 -1.00000000 0.0000000e+0
vn 0.59592252 0.0000000e+0 -0.80304193
vn -0.94874975 0.0000000e+0 -0.31602835
vn 0.0000000e+0 1.00000000 0.0000000e+0
vn 0.59592252 0.0000000e+0 -0.80304193
vn -0.94874975 0.0000000e+0 -0.31602835
vn -0.59592252 0.0000000e+0 0.80304193
vn 0.0000000e+0 1.00000000 0.0000000e+0
vn -0.94874975 0.0000000e+0 -0.31602835
vn -0.59592252 0.0000000e+0 0.80304193
vn 0.0000000e+0 -1.00000000 0.0000000e+0
vn 0.0000000e+0 -1.00000000 0.0000000e+0
vn 0.94874975 0.0000000e+0 0.31602835
vn 0.59592252 0.0000000e+0 -0.80304193
vn 0.0000000e+0 1.00000000 0.0000000e+0
vn 0.94874975 0.0000000e+0 0.31602835
vn 0.59592252 0.0000000e+0 -0.80304193
vn -0.59592252 0.0000000e+0 0.80304193
vn 0.0000000e+0 1.00000000 0.0000000e+0
vn 0.94874975 0.0000000e+0 0.31602835
vn -0.59592252 0.0000000e+0 0.80304193
vn 0.0000000e+0 -1.00000000 0.0000000e+0
vn 0.94874975 0.0000000e+0 0.31602835
vn -1.00000000 0.0000000e+0 0.0000000e+0
vn 0.0000000e+0 -1.00000000 0.0000000e+0
vn -5.5511151e-17 0.0000000e+0 -1.00000000
vn -1.00000000 0.0000000e+0 0.0000000e+0
vn 0.0000000e+0 1.00000000 0.0000000e+0
vn -5.5511151e-17 0.0000000e+0 -1.00000000
vn -1.00000000 0.0000000e+0 0.0000000e+0
vn 5.5511151e-17 0.0000000e+0 1.00000000
vn 0.0000000e+0 1.00000000 0.0000000e+0
vn -1.00000000 0.0000000e+0 0.0000000e+0
vn 5.5511151e-17 0.0000000e+0 1.00000000
vn 0.0000000e+0 -1.00000000 0.0000000e+0
vn 0.0000000e+0 -1.00000000 0.0000000e+0
vn 1.00000000 0.0000000e+0 0.0000000e+0
vn -5.5511151e-17 0.0000000e+0 -1.00000000
vn 0.0000000e+0 1.00000000 0.0000000e+0
vn 1.00000000 0.0000000e+0 0.0000000e+0
vn -5.5511151e-17 0.0000000e+0 -1.00000000
vn 5.5511151e-17 0.0000000e+0 1.00000000
vn 0.0000000e+0 1.00000000 0.0000000e+0
vn 1.00000000 0.0000000e+0 0.0000000e+0
vn 5.5511151e-17 0.0000000e+0 1.00000000
vn 0.0000000e+0 -1.00000000 0.0000000e+0
vn 1.00000000 0.0000000e+0 0.0000000e+0
vn -0.78282541 0.0000000e+0 0.62224142
vn 0.0000000e+0 -1.00000000 0.0000000e+0
vn -0.62224142 0.0000000e+0 -0.78282541
vn -0.78282541 0.0000000e+0 0.62224142
vn 0.0000000e+0 1.00000000 0.0000000e+0
vn -0.62224142 0.0000000e+0 -0.78282541
vn -0.78282541 0.0000000e+0 0.62224142
vn 0.62224142 0.0000000e+0 0.78282541
vn 0.0000000e+0 1.00000000 0.0000000e+0
vn -0.78282541 0.0000000e+0 0.62224142
vn 0.62224142 0.0000000e+0 0.78282541
vn 0.0000000e+0 -1.00000000 0.0000000e+0
vn 0.0000000e+0 -1.00000000 0.0000000e+0
vn 0.78282541 0.0000000e+0 -0.62224142
vn -0.62224142 0.0000000e+0 -0.78282541
vn 0.0000000e+0 1.00000000 0.0000000e+0
vn 0.78282541 0.0000000e+0 -0.62224142
vn -0.62224142 0.0000000e+0 -0.78282541
vn 0.62224142 0.0000000e+0 0.78282541
vn 0.0000000e+0 1.00000000 0.0000000e+0
vn 0.78282541 0.0000000e+0 -0.62224142
vn 0.62224142 0.0000000e+0 0.78282541
vn 0.0000000e+0 -1.00000000 0.0000000e+0
vn 0.78282541 0.0000000e+0 -0.62224142
g grass_default
usemtl default
s 1
f 9//25 12//34 11//31 10//28
f 14//41 15//45 16//48 13//38
s 2
f 1//2 5//13 8//23 4//12
f 3//9 7//20 6//16 2//5
f 9//26 13//37 16//47 12//36
f 11//33 15//44 14//40 10//29
f 17//49 20//58 19//55 18//52
f 22//65 23//69 24//72 21//62
s 3
f 1//1 4//10 3//7 2//4
f 6//17 7//21 8//24 5//14
f 17//50 21//61 24//71 20//60
f 19//57 23//68 22//64 18//53
g grass_image
usemtl image
s 1
f 2/6/6 6/12/18 5/11/15 1/5/3
f 4/5/11 8/11/22 7/12/19 3/6/8
f 18/4/54 22/10/66 21/9/63 17/3/51
f 20/3/59 24/9/70 23/10/67 19/4/56
s 3
f 10/2/30 14/8/42 13/7/39 9/1/27
f 12/1/35 16/7/46 15/8/43 11/2/32
