# Exported from Wings 3D 2.1.5
mtllib grass.mtl
o grass_sep3
#8 vertices, 6 faces
v -1.21535514 -1.01862878 -0.39100147
v -1.21535514 1.48137122 -0.39100147
v -1.21535514 1.48137122 -0.38975147
v -1.21535514 -1.01862878 -0.38975147
v 1.28464486 -1.01862878 -0.39100147
v 1.28464486 1.48137122 -0.39100147
v 1.28464486 1.48137122 -0.38975147
v 1.28464486 -1.01862878 -0.38975147
vt 0.0000000e+0 0.0000000e+0
vt 0.0000000e+0 1.00000000
vt 1.00000000 0.0000000e+0
vt 1.00000000 1.00000000
vn -1.00000000 0.0000000e+0 0.0000000e+0
vn 0.0000000e+0 -1.00000000 0.0000000e+0
vn -4.4408921e-17 0.0000000e+0 -1.00000000
vn -1.00000000 0.0000000e+0 0.0000000e+0
vn 0.0000000e+0 1.00000000 0.0000000e+0
vn -4.4408921e-17 0.0000000e+0 -1.00000000
vn -1.00000000 0.0000000e+0 0.0000000e+0
vn 6.6613381e-17 0.0000000e+0 1.00000000
vn 0.0000000e+0 1.00000000 0.0000000e+0
vn -1.00000000 0.0000000e+0 0.0000000e+0
vn 6.6613381e-17 0.0000000e+0 1.00000000
vn 0.0000000e+0 -1.00000000 0.0000000e+0
vn 0.0000000e+0 -1.00000000 0.0000000e+0
vn 1.00000000 0.0000000e+0 0.0000000e+0
vn -4.4408921e-17 0.0000000e+0 -1.00000000
vn 0.0000000e+0 1.00000000 0.0000000e+0
vn 1.00000000 0.0000000e+0 0.0000000e+0
vn -4.4408921e-17 0.0000000e+0 -1.00000000
vn 6.6613381e-17 0.0000000e+0 1.00000000
vn 0.0000000e+0 1.00000000 0.0000000e+0
vn 1.00000000 0.0000000e+0 0.0000000e+0
vn 6.6613381e-17 0.0000000e+0 1.00000000
vn 0.0000000e+0 -1.00000000 0.0000000e+0
vn 1.00000000 0.0000000e+0 0.0000000e+0
g grass_sep3_default
usemtl default
s 2
f 1//2 5//13 8//23 4//12
f 3//9 7//20 6//16 2//5
s 3
f 1//1 4//10 3//7 2//4
f 6//17 7//21 8//24 5//14
g grass_sep3_image
usemtl image
s 1
f 2/2/6 6/4/18 5/3/15 1/1/3
f 4/1/11 8/3/22 7/4/19 3/2/8
o grass_sep2
#8 vertices, 6 faces
v -0.33047586 -1.10938337 1.13521317
v -0.33047586 1.39061663 1.13521317
v -0.32933393 1.39061663 1.13572159
v -0.32933393 -1.10938337 1.13572159
v 0.68636574 -1.10938337 -1.14865047
v 0.68636574 1.39061663 -1.14865047
v 0.68750768 1.39061663 -1.14814205
v 0.68750768 -1.10938337 -1.14814205
vt 0.0000000e+0 0.0000000e+0
vt 0.0000000e+0 1.00000000
vt 1.00000000 0.0000000e+0
vt 1.00000000 1.00000000
vn -0.40673664 0.0000000e+0 0.91354546
vn 0.0000000e+0 -1.00000000 0.0000000e+0
vn -0.91354546 0.0000000e+0 -0.40673664
vn -0.40673664 0.0000000e+0 0.91354546
vn 0.0000000e+0 1.00000000 0.0000000e+0
vn -0.91354546 0.0000000e+0 -0.40673664
vn -0.40673664 0.0000000e+0 0.91354546
vn 0.91354546 0.0000000e+0 0.40673664
vn 0.0000000e+0 1.00000000 0.0000000e+0
vn -0.40673664 0.0000000e+0 0.91354546
vn 0.91354546 0.0000000e+0 0.40673664
vn 0.0000000e+0 -1.00000000 0.0000000e+0
vn 0.0000000e+0 -1.00000000 0.0000000e+0
vn 0.40673664 0.0000000e+0 -0.91354546
vn -0.91354546 0.0000000e+0 -0.40673664
vn 0.0000000e+0 1.00000000 0.0000000e+0
vn 0.40673664 0.0000000e+0 -0.91354546
vn -0.91354546 0.0000000e+0 -0.40673664
vn 0.91354546 0.0000000e+0 0.40673664
vn 0.0000000e+0 1.00000000 0.0000000e+0
vn 0.40673664 0.0000000e+0 -0.91354546
vn 0.91354546 0.0000000e+0 0.40673664
vn 0.0000000e+0 -1.00000000 0.0000000e+0
vn 0.40673664 0.0000000e+0 -0.91354546
g grass_sep2_default
usemtl default
s 2
f 9//26 13//37 16//47 12//36
f 11//33 15//44 14//40 10//29
s 3
f 9//25 12//34 11//31 10//28
f 14//41 15//45 16//48 13//38
g grass_sep2_image
usemtl image
s 1
f 10/6/30 14/8/42 13/7/39 9/5/27
f 12/5/35 16/7/46 15/8/43 11/6/32
o grass
#8 vertices, 6 faces
v -0.53902592 -1.06800263 -1.04795272
v -0.53902592 1.43199737 -1.04795272
v -0.53999735 1.43199737 -1.04716607
v -0.53999735 -1.06800263 -1.04716607
v 1.03427506 -1.06800263 0.89491218
v 1.03427506 1.43199737 0.89491218
v 1.03330362 1.43199737 0.89569883
v 1.03330362 -1.06800263 0.89569883
vt 0.0000000e+0 0.0000000e+0
vt 0.0000000e+0 1.00000000
vt 1.00000000 0.0000000e+0
vt 1.00000000 1.00000000
vn -0.62932039 0.0000000e+0 -0.77714596
vn 0.0000000e+0 -1.00000000 0.0000000e+0
vn 0.77714596 0.0000000e+0 -0.62932039
vn -0.62932039 0.0000000e+0 -0.77714596
vn 0.0000000e+0 1.00000000 0.0000000e+0
vn 0.77714596 0.0000000e+0 -0.62932039
vn -0.62932039 0.0000000e+0 -0.77714596
vn -0.77714596 0.0000000e+0 0.62932039
vn 0.0000000e+0 1.00000000 0.0000000e+0
vn -0.62932039 0.0000000e+0 -0.77714596
vn -0.77714596 0.0000000e+0 0.62932039
vn 0.0000000e+0 -1.00000000 0.0000000e+0
vn 0.0000000e+0 -1.00000000 0.0000000e+0
vn 0.62932039 0.0000000e+0 0.77714596
vn 0.77714596 0.0000000e+0 -0.62932039
vn 0.0000000e+0 1.00000000 0.0000000e+0
vn 0.62932039 0.0000000e+0 0.77714596
vn 0.77714596 0.0000000e+0 -0.62932039
vn -0.77714596 0.0000000e+0 0.62932039
vn 0.0000000e+0 1.00000000 0.0000000e+0
vn 0.62932039 0.0000000e+0 0.77714596
vn -0.77714596 0.0000000e+0 0.62932039
vn 0.0000000e+0 -1.00000000 0.0000000e+0
vn 0.62932039 0.0000000e+0 0.77714596
g grass_default
usemtl default
s 2
f 17//50 21//61 24//71 20//60
f 19//57 23//68 22//64 18//53
s 3
f 17//49 20//58 19//55 18//52
f 22//65 23//69 24//72 21//62
g grass_image
usemtl image
s 1
f 18/10/54 22/12/66 21/11/63 17/9/51
f 20/9/59 24/11/70 23/12/67 19/10/56
