# Exported from Wings 3D 2.1.5
mtllib grass.mtl
o grass_sep3
#8 vertices, 6 faces
v -2.89391319 -0.32360505 -0.11995490
v -2.89391319 5.67639495 -0.11995490
v -2.89391319 5.67639495 -0.11695490
v -2.89391319 -0.32360505 -0.11695490
v 3.10608681 -0.32360505 -0.11995490
v 3.10608681 5.67639495 -0.11995490
v 3.10608681 5.67639495 -0.11695490
v 3.10608681 -0.32360505 -0.11695490
vt 0.0000000e+0 0.0000000e+0
vt 0.0000000e+0 1.00000000
vt 1.00000000 0.0000000e+0
vt 1.00000000 1.00000000
vn -1.00000000 0.0000000e+0 0.0000000e+0
vn 0.0000000e+0 -1.00000000 0.0000000e+0
vn -5.5511151e-17 0.0000000e+0 -1.00000000
vn -1.00000000 0.0000000e+0 0.0000000e+0
vn 0.0000000e+0 1.00000000 0.0000000e+0
vn -5.5511151e-17 0.0000000e+0 -1.00000000
vn -1.00000000 0.0000000e+0 0.0000000e+0
vn 5.5511151e-17 0.0000000e+0 1.00000000
vn 0.0000000e+0 1.00000000 0.0000000e+0
vn -1.00000000 0.0000000e+0 0.0000000e+0
vn 5.5511151e-17 0.0000000e+0 1.00000000
vn 0.0000000e+0 -1.00000000 0.0000000e+0
vn 0.0000000e+0 -1.00000000 0.0000000e+0
vn 1.00000000 0.0000000e+0 0.0000000e+0
vn -5.5511151e-17 0.0000000e+0 -1.00000000
vn 0.0000000e+0 1.00000000 0.0000000e+0
vn 1.00000000 0.0000000e+0 0.0000000e+0
vn -5.5511151e-17 0.0000000e+0 -1.00000000
vn 5.5511151e-17 0.0000000e+0 1.00000000
vn 0.0000000e+0 1.00000000 0.0000000e+0
vn 1.00000000 0.0000000e+0 0.0000000e+0
vn 5.5511151e-17 0.0000000e+0 1.00000000
vn 0.0000000e+0 -1.00000000 0.0000000e+0
vn 1.00000000 0.0000000e+0 0.0000000e+0
g grass_sep3_default
usemtl default
s 2
f 1//2 5//13 8//23 4//12
f 3//9 7//20 6//16 2//5
s 3
f 1//1 4//10 3//7 2//4
f 6//17 7//21 8//24 5//14
g grass_sep3_image
usemtl image
s 1
f 2/2/6 6/4/18 5/3/15 1/1/3
f 4/1/11 8/3/22 7/4/19 3/2/8
o grass_sep2
#8 vertices, 6 faces
v -0.76304511 -0.20150764 2.18426369
v -0.76304511 4.59849236 2.18426369
v -0.76085260 4.59849236 2.18523986
v -0.76085260 -0.20150764 2.18523986
v 1.18929078 -0.20150764 -2.20075451
v 1.18929078 4.59849236 -2.20075451
v 1.19148329 4.59849236 -2.19977834
v 1.19148329 -0.20150764 -2.19977834
vt 0.0000000e+0 0.0000000e+0
vt 0.0000000e+0 1.00000000
vt 1.00000000 0.0000000e+0
vt 1.00000000 1.00000000
vn -0.40673664 0.0000000e+0 0.91354546
vn 0.0000000e+0 -1.00000000 0.0000000e+0
vn -0.91354546 0.0000000e+0 -0.40673664
vn -0.40673664 0.0000000e+0 0.91354546
vn 0.0000000e+0 1.00000000 0.0000000e+0
vn -0.91354546 0.0000000e+0 -0.40673664
vn -0.40673664 0.0000000e+0 0.91354546
vn 0.91354546 0.0000000e+0 0.40673664
vn 0.0000000e+0 1.00000000 0.0000000e+0
vn -0.40673664 0.0000000e+0 0.91354546
vn 0.91354546 0.0000000e+0 0.40673664
vn 0.0000000e+0 -1.00000000 0.0000000e+0
vn 0.0000000e+0 -1.00000000 0.0000000e+0
vn 0.40673664 0.0000000e+0 -0.91354546
vn -0.91354546 0.0000000e+0 -0.40673664
vn 0.0000000e+0 1.00000000 0.0000000e+0
vn 0.40673664 0.0000000e+0 -0.91354546
vn -0.91354546 0.0000000e+0 -0.40673664
vn 0.91354546 0.0000000e+0 0.40673664
vn 0.0000000e+0 1.00000000 0.0000000e+0
vn 0.40673664 0.0000000e+0 -0.91354546
vn 0.91354546 0.0000000e+0 0.40673664
vn 0.0000000e+0 -1.00000000 0.0000000e+0
vn 0.40673664 0.0000000e+0 -0.91354546
g grass_sep2_default
usemtl default
s 2
f 9//26 13//37 16//47 12//36
f 11//33 15//44 14//40 10//29
s 3
f 9//25 12//34 11//31 10//28
f 14//41 15//45 16//48 13//38
g grass_sep2_image
usemtl image
s 1
f 10/6/30 14/8/42 13/7/39 9/5/27
f 12/5/35 16/7/46 15/8/43 11/6/32
o grass
#8 vertices, 6 faces
v -1.02419020 -0.30185075 -1.72401964
v -1.02419020 3.89814925 -1.72401964
v -1.02582220 3.89814925 -1.72269807
v -1.02582220 -0.30185075 -1.72269807
v 1.61895544 -0.30185075 1.53999340
v 1.61895544 3.89814925 1.53999340
v 1.61732344 3.89814925 1.54131497
v 1.61732344 -0.30185075 1.54131497
vt 0.0000000e+0 0.0000000e+0
vt 0.0000000e+0 1.00000000
vt 1.00000000 0.0000000e+0
vt 1.00000000 1.00000000
vn -0.62932039 0.0000000e+0 -0.77714596
vn 0.0000000e+0 -1.00000000 0.0000000e+0
vn 0.77714596 0.0000000e+0 -0.62932039
vn -0.62932039 0.0000000e+0 -0.77714596
vn 0.0000000e+0 1.00000000 0.0000000e+0
vn 0.77714596 0.0000000e+0 -0.62932039
vn -0.62932039 0.0000000e+0 -0.77714596
vn -0.77714596 0.0000000e+0 0.62932039
vn 0.0000000e+0 1.00000000 0.0000000e+0
vn -0.62932039 0.0000000e+0 -0.77714596
vn -0.77714596 0.0000000e+0 0.62932039
vn 0.0000000e+0 -1.00000000 0.0000000e+0
vn 0.0000000e+0 -1.00000000 0.0000000e+0
vn 0.62932039 0.0000000e+0 0.77714596
vn 0.77714596 0.0000000e+0 -0.62932039
vn 0.0000000e+0 1.00000000 0.0000000e+0
vn 0.62932039 0.0000000e+0 0.77714596
vn 0.77714596 0.0000000e+0 -0.62932039
vn -0.77714596 0.0000000e+0 0.62932039
vn 0.0000000e+0 1.00000000 0.0000000e+0
vn 0.62932039 0.0000000e+0 0.77714596
vn -0.77714596 0.0000000e+0 0.62932039
vn 0.0000000e+0 -1.00000000 0.0000000e+0
vn 0.62932039 0.0000000e+0 0.77714596
g grass_default
usemtl default
s 2
f 17//50 21//61 24//71 20//60
f 19//57 23//68 22//64 18//53
s 3
f 17//49 20//58 19//55 18//52
f 22//65 23//69 24//72 21//62
g grass_image
usemtl image
s 1
f 18/10/54 22/12/66 21/11/63 17/9/51
f 20/9/59 24/11/70 23/12/67 19/10/56
