# Exported from Wings 3D 2.1.5
mtllib paprota.mtl
o paprota
#64 vertices, 48 faces
v -5.00000000 0.49020738 1.40745241
v -5.00000000 19.51133771 7.58779230
v -5.00000000 19.50979262 7.59254759
v -5.00000000 0.48866229 1.41220770
v 5.00000000 0.49020738 1.40745241
v 5.00000000 19.51133771 7.58779230
v 5.00000000 19.50979262 7.59254759
v 5.00000000 0.48866229 1.41220770
v 1.41220770 0.48866229 -5.50000000
v 7.59254759 19.50979262 -5.50000000
v 7.58779230 19.51133771 -5.50000000
v 1.40745241 0.49020738 -5.50000000
v 1.41220770 0.48866229 4.50000000
v 7.59254759 19.50979262 4.50000000
v 7.58779230 19.51133771 4.50000000
v 1.40745241 0.49020738 4.50000000
v -1.40745241 0.49020738 -5.50000000
v -7.58779230 19.51133771 -5.50000000
v -7.59254759 19.50979262 -5.50000000
v -1.41220770 0.48866229 -5.50000000
v -1.40745241 0.49020738 4.50000000
v -7.58779230 19.51133771 4.50000000
v -7.59254759 19.50979262 4.50000000
v -1.41220770 0.48866229 4.50000000
v -5.00000000 0.48866229 -1.41220770
v -5.00000000 19.50979262 -7.59254759
v -5.00000000 19.51133771 -7.58779230
v -5.00000000 0.49020738 -1.40745241
v 5.00000000 0.48866229 -1.41220770
v 5.00000000 19.50979262 -7.59254759
v 5.00000000 19.51133771 -7.58779230
v 5.00000000 0.49020738 -1.40745241
v 1.82787739 1.96366474 -1.59228386
v -3.09632172 8.57154502 -7.25692695
v -3.09740551 8.56966859 -7.25817371
v 1.82679360 1.96178831 -1.59353062
v -1.94567051 1.96366474 1.68801128
v -6.86986962 8.57154502 -3.97663181
v -6.87095341 8.56966859 -3.97787856
v -1.94675430 1.96178831 1.68676453
v 1.55655778 2.08935216 1.23844715
v -4.27199079 8.44205045 6.30512713
v -4.27079218 8.44398117 6.30408519
v 1.55775639 2.09128289 1.23740521
v -1.72373736 2.08935216 -2.53510075
v -7.55228594 8.44205045 2.53157923
v -7.55108733 8.44398117 2.53053729
v -1.72253875 2.09128289 -2.53614269
v 1.66653535 1.55996728 1.42050446
v 6.73021741 8.97504342 -2.98128720
v 6.73161647 8.97336606 -2.98250338
v 1.66793441 1.55828992 1.41928828
v -1.61375979 1.55996728 -2.35304344
v 3.44992227 8.97504342 -6.75483510
v 3.45132132 8.97336606 -6.75605128
v -1.61236074 1.55828992 -2.35425962
v 1.99014620 0.82862120 -2.52941627
v 5.01339403 9.70356009 0.94843253
v 5.01193841 9.70471213 0.94675803
v 1.98869058 0.82977325 -2.53109077
v -1.78340170 0.82862120 0.75087888
v 1.23984613 9.70356009 4.22872767
v 1.23839051 9.70471213 4.22705317
v -1.78485733 0.82977325 0.74920438
vt 0.0000000e+0 0.0000000e+0
vt 0.0000000e+0 1.00000000
vt 1.00000000 0.0000000e+0
vt 1.00000000 1.00000000
vn -1.00000000 0.0000000e+0 0.0000000e+0
vn 5.3363076e-19 -0.95105652 -0.30901699
vn -1.7763568e-16 0.30901699 -0.95105652
vn -1.00000000 0.0000000e+0 0.0000000e+0
vn -3.1043758e-16 0.95105652 0.30901699
vn -1.7763568e-16 0.30901699 -0.95105652
vn -1.00000000 0.0000000e+0 0.0000000e+0
vn 1.0658141e-16 -0.30901699 0.95105652
vn -3.1043758e-16 0.95105652 0.30901699
vn -1.00000000 0.0000000e+0 0.0000000e+0
vn 1.0658141e-16 -0.30901699 0.95105652
vn 5.3363076e-19 -0.95105652 -0.30901699
vn 5.3363076e-19 -0.95105652 -0.30901699
vn 1.00000000 0.0000000e+0 0.0000000e+0
vn -1.7763568e-16 0.30901699 -0.95105652
vn -3.1043758e-16 0.95105652 0.30901699
vn 1.00000000 0.0000000e+0 0.0000000e+0
vn -1.7763568e-16 0.30901699 -0.95105652
vn 1.0658141e-16 -0.30901699 0.95105652
vn -3.1043758e-16 0.95105652 0.30901699
vn 1.00000000 0.0000000e+0 0.0000000e+0
vn 1.0658141e-16 -0.30901699 0.95105652
vn 5.3363076e-19 -0.95105652 -0.30901699
vn 1.00000000 0.0000000e+0 0.0000000e+0
vn 0.0000000e+0 0.0000000e+0 -1.00000000
vn -0.30901699 -0.95105652 2.1108061e-17
vn 0.95105652 -0.30901699 -1.4210855e-16
vn 0.0000000e+0 0.0000000e+0 -1.00000000
vn 0.30901699 0.95105652 -4.0649958e-16
vn 0.95105652 -0.30901699 -1.4210855e-16
vn 0.0000000e+0 0.0000000e+0 -1.00000000
vn -0.95105652 0.30901699 7.1054274e-17
vn 0.30901699 0.95105652 -4.0649958e-16
vn 0.0000000e+0 0.0000000e+0 -1.00000000
vn -0.95105652 0.30901699 7.1054274e-17
vn -0.30901699 -0.95105652 2.1108061e-17
vn -0.30901699 -0.95105652 2.1108061e-17
vn 1.3723111e-17 4.2235394e-17 1.00000000
vn 0.95105652 -0.30901699 -1.4210855e-16
vn 0.30901699 0.95105652 -4.0649958e-16
vn 1.3723111e-17 4.2235394e-17 1.00000000
vn 0.95105652 -0.30901699 -1.4210855e-16
vn -0.95105652 0.30901699 7.1054274e-17
vn 0.30901699 0.95105652 -4.0649958e-16
vn 1.3723111e-17 4.2235394e-17 1.00000000
vn -0.95105652 0.30901699 7.1054274e-17
vn -0.30901699 -0.95105652 2.1108061e-17
vn 1.3723111e-17 4.2235394e-17 1.00000000
vn -1.3723111e-17 4.2235394e-17 -1.00000000
vn 0.30901699 -0.95105652 -2.0049270e-17
vn 0.95105652 0.30901699 -2.4868996e-16
vn -1.3723111e-17 4.2235394e-17 -1.00000000
vn -0.30901699 0.95105652 -3.1043758e-16
vn 0.95105652 0.30901699 -2.4868996e-16
vn -1.3723111e-17 4.2235394e-17 -1.00000000
vn -0.95105652 -0.30901699 1.0658141e-16
vn -0.30901699 0.95105652 -3.1043758e-16
vn -1.3723111e-17 4.2235394e-17 -1.00000000
vn -0.95105652 -0.30901699 1.0658141e-16
vn 0.30901699 -0.95105652 -2.0049270e-17
vn 0.30901699 -0.95105652 -2.0049270e-17
vn 0.0000000e+0 0.0000000e+0 1.00000000
vn 0.95105652 0.30901699 -2.4868996e-16
vn -0.30901699 0.95105652 -3.1043758e-16
vn 0.0000000e+0 0.0000000e+0 1.00000000
vn 0.95105652 0.30901699 -2.4868996e-16
vn -0.95105652 -0.30901699 1.0658141e-16
vn -0.30901699 0.95105652 -3.1043758e-16
vn 0.0000000e+0 0.0000000e+0 1.00000000
vn -0.95105652 -0.30901699 1.0658141e-16
vn 0.30901699 -0.95105652 -2.0049270e-17
vn 0.0000000e+0 0.0000000e+0 1.00000000
vn -1.00000000 0.0000000e+0 0.0000000e+0
vn 1.4247094e-17 -0.95105652 0.30901699
vn -7.1054274e-17 -0.30901699 -0.95105652
vn -1.00000000 0.0000000e+0 0.0000000e+0
vn -4.0649958e-16 0.95105652 -0.30901699
vn -7.1054274e-17 -0.30901699 -0.95105652
vn -1.00000000 0.0000000e+0 0.0000000e+0
vn 7.1054274e-17 0.30901699 0.95105652
vn -4.0649958e-16 0.95105652 -0.30901699
vn -1.00000000 0.0000000e+0 0.0000000e+0
vn 7.1054274e-17 0.30901699 0.95105652
vn 1.4247094e-17 -0.95105652 0.30901699
vn 1.4247094e-17 -0.95105652 0.30901699
vn 1.00000000 0.0000000e+0 0.0000000e+0
vn -7.1054274e-17 -0.30901699 -0.95105652
vn -4.0649958e-16 0.95105652 -0.30901699
vn 1.00000000 0.0000000e+0 0.0000000e+0
vn -7.1054274e-17 -0.30901699 -0.95105652
vn 7.1054274e-17 0.30901699 0.95105652
vn -4.0649958e-16 0.95105652 -0.30901699
vn 1.00000000 0.0000000e+0 0.0000000e+0
vn 7.1054274e-17 0.30901699 0.95105652
vn 1.4247094e-17 -0.95105652 0.30901699
vn 1.00000000 0.0000000e+0 0.0000000e+0
vn 0.75470958 -4.2632564e-13 -0.65605903
vn 0.49241991 -0.66078803 0.56646431
vn 0.43351595 0.75057257 0.49870306
vn 0.75470958 -4.2632564e-13 -0.65605903
vn -0.49241991 0.66078803 -0.56646431
vn 0.43351595 0.75057257 0.49870306
vn 0.75470958 -4.2632564e-13 -0.65605903
vn -0.43351595 -0.75057257 -0.49870306
vn -0.49241991 0.66078803 -0.56646431
vn 0.75470958 -4.2632564e-13 -0.65605903
vn -0.43351595 -0.75057257 -0.49870306
vn 0.49241991 -0.66078803 0.56646431
vn 0.49241991 -0.66078803 0.56646431
vn -0.75470958 -7.1054274e-14 0.65605903
vn 0.43351595 0.75057257 0.49870306
vn -0.49241991 0.66078803 -0.56646431
vn -0.75470958 -7.1054274e-14 0.65605903
vn 0.43351595 0.75057257 0.49870306
vn -0.43351595 -0.75057257 -0.49870306
vn -0.49241991 0.66078803 -0.56646431
vn -0.75470958 -7.1054274e-14 0.65605903
vn -0.43351595 -0.75057257 -0.49870306
vn 0.49241991 -0.66078803 0.56646431
vn -0.75470958 -7.1054274e-14 0.65605903
vn 0.65605903 -6.3948846e-13 0.75470958
vn 0.58285486 -0.63526983 -0.50666800
vn -0.47944423 -0.77229026 0.41677451
vn 0.65605903 -6.3948846e-13 0.75470958
vn -0.58285486 0.63526983 0.50666800
vn -0.47944423 -0.77229026 0.41677451
vn 0.65605903 -6.3948846e-13 0.75470958
vn 0.47944423 0.77229026 -0.41677451
vn -0.58285486 0.63526983 0.50666800
vn 0.65605903 -6.3948846e-13 0.75470958
vn 0.47944423 0.77229026 -0.41677451
vn 0.58285486 -0.63526983 -0.50666800
vn 0.58285486 -0.63526983 -0.50666800
vn -0.65605903 4.2632564e-13 -0.75470958
vn -0.47944423 -0.77229026 0.41677451
vn -0.58285486 0.63526983 0.50666800
vn -0.65605903 4.2632564e-13 -0.75470958
vn -0.47944423 -0.77229026 0.41677451
vn 0.47944423 0.77229026 -0.41677451
vn -0.58285486 0.63526983 0.50666800
vn -0.65605903 4.2632564e-13 -0.75470958
vn 0.47944423 0.77229026 -0.41677451
vn 0.58285486 -0.63526983 -0.50666800
vn -0.65605903 4.2632564e-13 -0.75470958
vn 0.65605903 -1.4210855e-13 0.75470958
vn -0.50636821 -0.74150761 0.44017917
vn -0.55962290 0.67094445 0.48647277
vn 0.65605903 -1.4210855e-13 0.75470958
vn 0.50636821 0.74150761 -0.44017917
vn -0.55962290 0.67094445 0.48647277
vn 0.65605903 -1.4210855e-13 0.75470958
vn 0.55962290 -0.67094445 -0.48647277
vn 0.50636821 0.74150761 -0.44017917
vn 0.65605903 -1.4210855e-13 0.75470958
vn 0.55962290 -0.67094445 -0.48647277
vn -0.50636821 -0.74150761 0.44017917
vn -0.50636821 -0.74150761 0.44017917
vn -0.65605903 7.1054274e-14 -0.75470958
vn -0.55962290 0.67094445 0.48647277
vn 0.50636821 0.74150761 -0.44017917
vn -0.65605903 7.1054274e-14 -0.75470958
vn -0.55962290 0.67094445 0.48647277
vn 0.55962290 -0.67094445 -0.48647277
vn 0.50636821 0.74150761 -0.44017917
vn -0.65605903 7.1054274e-14 -0.75470958
vn 0.55962290 -0.67094445 -0.48647277
vn -0.50636821 -0.74150761 0.44017917
vn -0.65605903 7.1054274e-14 -0.75470958
vn 0.75470958 2.4868996e-13 -0.65605903
vn -0.30232478 -0.88749389 -0.34778488
vn 0.58224838 -0.46081948 0.66980014
vn 0.75470958 2.4868996e-13 -0.65605903
vn 0.30232478 0.88749389 0.34778488
vn 0.58224838 -0.46081948 0.66980014
vn 0.75470958 2.4868996e-13 -0.65605903
vn -0.58224838 0.46081948 -0.66980014
vn 0.30232478 0.88749389 0.34778488
vn 0.75470958 2.4868996e-13 -0.65605903
vn -0.58224838 0.46081948 -0.66980014
vn -0.30232478 -0.88749389 -0.34778488
vn -0.30232478 -0.88749389 -0.34778488
vn -0.75470958 -3.5527137e-14 0.65605903
vn 0.58224838 -0.46081948 0.66980014
vn 0.30232478 0.88749389 0.34778488
vn -0.75470958 -3.5527137e-14 0.65605903
vn 0.58224838 -0.46081948 0.66980014
vn -0.58224838 0.46081948 -0.66980014
vn 0.30232478 0.88749389 0.34778488
vn -0.75470958 -3.5527137e-14 0.65605903
vn -0.58224838 0.46081948 -0.66980014
vn -0.30232478 -0.88749389 -0.34778488
vn -0.75470958 -3.5527137e-14 0.65605903
g paprota_default
usemtl default
s 1
f 9//25 12//34 11//31 10//28
f 14//41 15//45 16//48 13//38
f 25//73 28//82 27//79 26//76
f 30//89 31//93 32//96 29//86
f 33//98 37//109 40//119 36//108
f 35//105 39//116 38//112 34//101
f 41//121 44//130 43//127 42//124
f 46//137 47//141 48//144 45//134
f 57//169 60//178 59//175 58//172
f 62//185 63//189 64//192 61//182
s 2
f 1//2 5//13 8//23 4//12
f 3//9 7//20 6//16 2//5
f 9//26 13//37 16//47 12//36
f 11//33 15//44 14//40 10//29
f 17//49 20//58 19//55 18//52
f 22//65 23//69 24//72 21//62
f 49//146 53//157 56//167 52//156
f 51//153 55//164 54//160 50//149
s 3
f 1//1 4//10 3//7 2//4
f 6//17 7//21 8//24 5//14
f 17//50 21//61 24//71 20//60
f 19//57 23//68 22//64 18//53
f 25//74 29//85 32//95 28//84
f 27//81 31//92 30//88 26//77
f 33//97 36//106 35//103 34//100
f 38//113 39//117 40//120 37//110
f 41//122 45//133 48//143 44//132
f 43//129 47//140 46//136 42//125
f 49//145 52//154 51//151 50//148
f 54//161 55//165 56//168 53//158
f 57//170 61//181 64//191 60//180
f 59//177 63//188 62//184 58//173
g paprota_image
usemtl image
s 1
f 2/2/6 6/4/18 5/3/15 1/1/3
f 4/1/11 8/3/22 7/4/19 3/2/8
f 18/2/54 22/4/66 21/3/63 17/1/51
f 20/1/59 24/3/70 23/4/67 19/2/56
f 50/2/150 54/4/162 53/3/159 49/1/147
f 52/1/155 56/3/166 55/4/163 51/2/152
s 2
f 26/2/78 30/4/90 29/3/87 25/1/75
f 28/1/83 32/3/94 31/4/91 27/2/80
f 34/2/102 38/4/114 37/3/111 33/1/99
f 36/1/107 40/3/118 39/4/115 35/2/104
f 42/2/126 46/4/138 45/3/135 41/1/123
f 44/1/131 48/3/142 47/4/139 43/2/128
f 58/2/174 62/4/186 61/3/183 57/1/171
f 60/1/179 64/3/190 63/4/187 59/2/176
s 3
f 10/2/30 14/4/42 13/3/39 9/1/27
f 12/1/35 16/3/46 15/4/43 11/2/32
